9308 2801
7837 312
1340 350
711 8914
51 1800
6427 8481
6349 9477
4892 994
6831 1953
9707 8987
889 2900
9134 9827
7537 9664
1256 5258
5903 4223
1816 2563
531 7244
9235 7326
3568 1065
6030 5961
9838 4291
4039 2578
2076 2544
7739 2424
3518 6608
2248 166
1690 5489
7659 4591
693 9724
6107 4215
2339 3798
7475 7183
2473 4035
340 5739
3201 3344
2694 2012
7329 3099
2235 2093
9058 3374
2900 3634
3364 716
5845 4554
6791 3737
7398 2304
3973 6660
9466 3943
1003 1558
7472 3336
5346 691
8681 3
8546 2693
655 1423
5322 5329
6973 1688
2670 3390
9989 6379
4717 3249
4570 118
236 4640
5322 4963
1103 730
2625 6175
6205 8515
2554 3785
1798 6414
4953 6446
2575 5216
8612 811
9226 8339
9402 4040
1741 8680
109 1059
336 9396
2505 9465
2866 3158
7224 6091
9912 4205
9817 7153
9163 1743
7988 633
736 5873
8995 9225
441 659
7947 4835
4841 293
6720 5530
7011 2864
3197 4957
6010 72
6526 8152
9005 4637
8695 2636
8975 1475
7548 6028
3822 4791
6795 3754
2579 186
2097 5995
1532 7125
5065 4028
5811 9308
152 2791
5771 9112
4856 9726
4964 5607
6575 466
1369 6798
4936 2344
7529 6184
3561 4437
5348 4044
9213 4402
1111 2596
4447 7114
1319 882
5752 5073
4052 9457
7977 7414
6848 3203
609 1978
4407 3371
5987 9994
3719 5607
4465 9105
7229 7438
5298 4575
2264 3518
6306 2616
5688 9410
5940 2444
2246 1338
3890 1130
896 8379
7268 4781
4678 4053
6611 7049
6680 1216
8723 1799
6371 1778
3520 339
4868 9181
7828 7621
8752 9099
4251 3424
6135 93
4199 4662
5839 5901
3444 7447
7756 9379
7754 706
8258 911
2645 4158
6787 8646
1190 6866
958 1043
7128 9492
6003 2552
2574 2835
830 354
2432 1749
899 5779
3513 9959
2553 3633
5324 8861
4217 4048
9979 3987
1978 7739
9033 4975
8768 5098
5614 7888
6863 8616
1328 8970
3271 3429
6166 9748
3389 554
5270 4042
7107 3992
7151 6429
9224 9717
8907 9820
7130 93
5572 2578
7352 4058
9516 8309
9945 3130
4862 9078
6367 9566
2727 3874
9858 4121
3551 2461
6371 7572
7426 6217
1451 8886
6833 5512
1537 7226
653 7922
6380 6845
8538 7552
9060 5342
4602 4082
3940 645
4599 2003
8438 3299
1076 9629
7383 3640
2735 1083
185 7917
5506 6575
5815 3539
9665 2342
1814 2781
1657 1181
3823 4464
3543 3703
5009 2319
6197 8785
8988 363
9749 4905
183 8895
6346 4331
1129 4770
7819 6963
9372 2130
6419 4227
8087 58
7473 5436
1561 8617
8876 6319
4765 5509
2039 8213
4732 201
8800 7442
2152 7670
7437 7848
176 5910
6443 7071
6961 2474
4170 4177
8832 1728
8452 2659
2828 46
82 131
828 4567
7093 599
9743 9392
4390 9335
7135 1677
8146 332
3847 7669
3507 3167
4540 9506
592 9228
9127 432
9635 6394
3102 2256
1564 972
977 1683
7948 5987
845 5405
8498 8831
1131 3126
1022 1481
8268 1554
6577 1897
321 7611
3829 1838
6321 5701
9476 5482
1464 2096
1720 5596
9763 4324
7215 1789
9774 268
7443 5574
8364 765
8084 7861
4784 9484
4616 4143
1636 8941
1417 7270
6854 1689
9354 973
7039 4479
2780 7152
2681 8647
5319 5487
15 5583
9908 9437
519 6765
6464 7352
8800 2029
160 5971
3418 1792
2868 9054
3542 9735
503 3764
9352 5074
3017 1991
5057 5188
9394 1554
2214 8930
3884 3258
8336 9909
1909 9996
6967 2111
5327 7048
6036 1109
6346 9266
8798 8152
2771 473
5895 7253
6244 4042
3017 7504
1535 1779
2389 3627
4109 3298
6543 8872
3826 9968
9739 4569
8229 4234
5444 1797
7624 1931
4460 1041
2913 9335
6557 7918
7506 4861
7129 9510
9322 248
6495 5783
4391 6387
3370 1806
4080 9771
4929 4575
2523 1703
5037 8043
3943 8680
9685 6767
8338 3171
6603 6398
2281 3262
7542 6765
1429 4205
2637 5638
9911 309
720 475
9706 9610
1609 6668
1994 1255
2835 415
5547 666
6057 9217
4474 8459
1301 5614
2291 3104
9045 8203
1784 2813
818 6223
540 3350
5700 1542
4220 3039
1347 353
9113 2130
846 9225
7917 9250
5139 9604
301 7725
9787 3951
8296 9616
9202 1044
5872 6518
1306 3591
947 6190
3745 9469
1237 4750
2383 5479
4356 7860
5624 5673
6386 8369
1708 4310
341 4337
7195 294
8729 7312
6398 3637
4642 3730
1448 7131
5003 3267
6454 7340
4835 6539
1622 6175
9545 3062
2630 5743
8629 5647
7213 7026
2221 994
1165 5037
730 8537
9967 2441
4909 955
2612 861
31 1375
8463 6805
4939 1717
6677 2831
6840 261
779 1140
9429 8555
7103 7764
9117 493
3370 28
279 1927
7183 2460
4860 3826
8458 2622
3953 4759
2665 5482
7809 6418
6131 1836
7171 9235
3797 7706
7014 5422
4386 2414
7121 4700
2430 7187
802 3742
2111 4085
1510 2750
8104 3175
5133 1129
6117 8081
3692 5857
1370 4593
2232 1445
7970 6988
1254 7298
5333 9181
4230 4393
3111 2581
9057 7285
2595 9796
730 5219
261 8900
5358 3514
9693 3074
3652 2435
9903 63
7268 6036
2227 6932
4013 1012
7719 3255
6022 3456
9096 4917
7888 4344
6267 8690
867 3129
8286 305
5362 9240
9716 1107
5478 5358
8168 7993
850 6726
1171 5520
4969 5148
4896 2986
4105 4249
9711 3660
4647 2632
4932 2438
1180 3081
1381 2620
3863 6776
2936 2515
503 3217
3601 4822
9863 9858
5766 6841
6870 1338
7401 1724
3765 1816
4298 8467
5368 250
2650 1687
7137 7309
5397 5270
572 8011
1377 1879
7700 2432
3384 5126
3017 9092
9193 2022
2121 5822
4425 4715
3745 7739
7347 3198
261 6775
4684 2237
5584 9896
4819 2755
849 8248
5395 7814
545 1543
1423 8536
3922 5201
1411 704
5234 4038
3067 4393
4034 5967
2989 2323
8914 6095
403 801
4542 3987
6358 9993
3991 383
8674 2230
8668 7219
9164 4942
6107 2979
5883 223
5869 2898
3018 1929
9819 3224
3647 8822
2288 6247
1502 9403
2619 5205
6491 7030
1887 4339
9614 3869
6245 7997
7547 2945
1065 88
7509 145
2667 3440
7330 9826
8962 6962
9569 2228
5504 5160
3428 605
4326 8888
8354 3036
440 7453
2487 1432
5326 976
7824 8798
1168 6020
8125 4277
3860 6968
9292 4829
841 745
1387 9881
9102 7943
3497 1691
6699 4321
9790 4472
2963 8849
670 5215
4885 7130
3400 5648
3486 57
8713 4100
6045 2911
5960 9085
8821 1115
5508 8497
7188 3859
1432 5817
6760 2398
7847 3646
226 811
2924 5577
7458 5427
9781 3616
6255 5062
5929 9163
7718 1613
5987 9734
2390 6058
9938 2454
3336 3299
5446 7811
2777 271
3380 7319
8588 6828
4169 7047
1373 2024
7566 1323
3073 304
3285 2764
18 2998
8869 3584
7884 2404
5696 9040
8114 1526
8377 656
2467 6429
3361 6410
6949 4661
7979 225
7898 4795
9537 650
3766 799
7696 6228
8574 8830
9094 8683
8187 5782
4336 2193
2420 462
3395 7705
9383 7102
7431 1033
1204 2111
7338 5656
4271 8698
7410 2795
6758 2598
7214 8759
8326 1779
3686 101
751 6911
1957 8313
276 6045
8903 3174
5578 8625
1842 8936
1120 8124
3767 7135
5426 6669
7655 2854
4533 4555
6356 1432
3876 4157
4332 3225
2519 4939
8533 5335
3103 7172
3893 1019
4517 8399
5573 9950
8397 9697
11 8358
993 617
3493 4101
2030 9511
2983 2623
5577 377
9420 1302
7052 4673
65 6139
8898 4769
3327 9486
5013 8261
8543 1699
5219 1177
2905 5336
143 235
3720 8317
8475 5390
4500 3678
4131 6546
4509 153
7836 8747
8972 2670
7875 4599
1244 708
134 5650
3468 2553
8439 6729
3619 6519
8570 2341
9305 804
1646 1970
7533 9908
8541 2403
3366 9064
2461 4083
5421 4003
6530 5255
9803 2411
1840 2824
4058 519
1923 1833
4120 9515
6803 1719
1842 9284
4839 7250
2458 6482
5807 6295
4666 8697
7986 8033
2354 2940
8962 2041
935 8310
2521 1518
665 9371
5719 9415
451 2748
2862 3019
3753 2261
4678 4909
7569 5600
2195 3173
3871 6537
4043 8630
9152 6576
9821 6164
5927 1973
2443 8145
7386 8922
7526 304
5203 321
1185 9546
5774 2089
1048 8100
8843 3237
2823 4458
7258 2991
7287 2010
7423 7656
1186 9696
3090 995
4806 5422
2783 5431
4284 9259
5926 6461
9966 3818
831 6193
5967 3276
5812 2585
25 7769
151 9134
197 7444
5492 7265
487 5693
393 102
6535 5639
3010 5390
5025 1238
4111 1419
2799 9031
3879 2119
4443 8192
6457 638
9938 7363
1955 9958
3527 1524
4472 3532
1618 7301
1901 6786
4754 7238
3159 643
7640 5295
5056 8632
1660 1916
4953 677
3988 6256
6246 8059
8162 5408
686 6280
2256 5587
6570 8881
8482 9259
7458 9110
8975 5426
4096 2642
6413 8642
805 5952
4555 6447
1482 7416
1807 9113
3843 2511
3807 6372
1284 8378
2299 6752
4133 557
880 8685
3419 4165
4526 5794
6790 1357
3184 42
5950 3323
3984 2341
2526 3135
4020 9461
7202 9781
5465 4724
1853 8843
7843 728
6658 652
796 7303
6742 4607
5502 6753
6478 2177
296 3695
8007 6428
7487 7739
7369 826
5832 9131
435 7529
2626 5783
2790 4674
5126 432
410 6527
7178 646
3094 1097
6078 7228
966 8341
8481 1729
6857 2872
8266 4447
5713 4165
8916 5514
1272 3496
7557 9609
8286 7077
1735 5259
1629 7977
245 5242
9391 5764
2332 2380
6492 6732
1897 5259
611 8628
7997 6993
9479 9601
7787 5310
9903 4675
3171 5013
2008 3873
7378 5060
5207 7883
9475 548
6421 2653
9965 6095
7944 9218
3704 8884
6639 9647
7664 897
1403 868
6356 1583
10 4691
6929 7301
8924 796
5787 980
5469 1308
6038 6898
2076 9961
8888 1070
9995 453
8503 6377
8936 5212
8347 6637
7938 6421
2479 5637
9495 9715
1149 8601
9618 815
3456 4448
4527 6006
3888 2864
2264 4401
2786 6104
9735 4140
1861 9484
4020 3037
7975 7224
2187 5061
160 4150
6481 2481
8106 3103
3314 7608
6306 6669
812 7081
507 2415
1941 8448
6811 2587
8938 5506
5549 2529
3278 3460
8079 9185
4212 9371
9554 7567
6041 8591
7029 438
667 1299
1261 5089
104 8754
9486 507
3654 4218
725 3537
2599 7058
7188 2946
5140 3939
4734 5392
1001 9768
6802 3753
3752 2391
8658 5068
2884 8220
1426 7832
9266 4057
5820 9507
6450 3243
6565 4781
7940 7260
6202 7031
2105 8704
5230 4647
9002 4554
684 2508
7327 6699
1964 2169
3152 1165
8741 5931
4405 2127
9520 6752
8834 1098
6375 1436
6479 5452
1738 4402
5806 8802
7205 9348
3261 6438
2738 881
1195 5282
6810 2251
3496 3308
6961 5056
1844 916
8799 4779
1071 976
9932 1027
6945 1293
2894 5254
2680 5282
8680 4719
6457 1460
2940 2566
9234 924
1763 1439
3 8836
7447 6201
1567 5435
3165 8053
285 6521
1615 7043
5245 107
4279 4767
5658 3219
3695 564
4751 4846
8432 3938
3752 8489
9114 1563
2609 1574
4301 3216
3682 5406
2735 4424
2908 8800
1570 7698
1388 8012
8225 2592
5969 3913
3254 4723
9568 526
8676 957
9338 4787
1662 5243
2895 9910
9033 2400
8479 6589
4246 6916
5056 1798
5143 6492
3146 6295
5286 9037
1242 3167
498 3748
2499 8328
3149 9718
4924 8380
685 5114
8936 7915
8591 1711
7523 8897
5810 8722
4188 5170
4933 6729
5085 7387
2514 4346
6316 8626
3309 7006
9764 4362
5402 5645
6589 9657
2001 1944
28 58
145 1178
4962 9459
444 8192
2776 988
2644 5210
