93 94
7 26
63 85
3 2
6 86
17 8
61 52
27 21
48 89
69 91
6 38
33 61
82 76
77 88
32 42
46 28
55 35
42 95
97 72
11 21
67 22
30 69
50 13
80 59
33 58
42 16
52 16
34 10
22 95
57 46
40 86
66 64
33 87
31 63
30 88
57 5
62 58
79 84
19 69
33 72
65 34
89 50
97 28
27 41
6 83
77 60
25 11
78 68
82 86
80 4
5 10
92 33
79 26
64 39
43 23
97 21
24 25
97 2
33 9
3 39
11 72
31 13
2 62
26 86
13 86
18 70
90 38
91 33
78 35
34 13
10 18
6 22
42 88
26 86
91 33
19 56
98 83
67 18
27 63
83 54
72 88
67 98
93 58
93 30
45 58
91 48
57 14
18 81
52 90
45 91
86 68
91 15
72 71
32 22
31 3
37 81
21 33
40 59
4 71
68 52
79 56
24 22
20 99
54 31
82 18
75 57
95 12
50 78
60 86
39 86
100 4
59 26
34 9
45 12
75 43
58 52
18 40
26 76
46 82
89 41
24 65
98 81
56 41
32 11
76 33
79 4
60 25
32 68
10 50
53 15
64 32
95 60
12 18
82 20
37 22
83 100
24 62
90 100
34 75
36 78
23 87
2 17
20 54
100 23
83 5
10 3
67 74
36 3
54 80
96 59
85 39
99 10
36 50
99 68
32 29
69 73
93 21
15 5
54 99
29 65
20 38
2 89
83 97
69 98
15 98
48 11
86 1
44 69
80 55
4 87
14 30
94 79
83 89
58 41
81 47
100 28
92 21
25 16
55 47
89 13
99 68
50 86
40 23
16 90
12 14
27 83
45 42
21 38
61 70
59 77
81 23
7 94
14 56
74 85
83 48
67 66
61 89
97 52
66 54
49 25
18 76
7 35
96 65
25 33
26 70
100 41
34 12
2 78
32 35
92 22
20 61
57 14
55 41
76 60
6 55
57 33
51 33
17 71
63 11
8 60
63 79
90 55
92 93
99 73
12 8
40 1
81 100
65 17
65 39
27 44
92 30
76 51
99 76
43 83
10 25
59 90
16 56
6 91
45 77
64 16
12 39
20 56
46 39
89 78
77 7
93 3
94 62
49 48
91 16
57 53
76 84
67 29
27 78
49 24
80 31
61 38
39 59
60 25
93 96
44 83
2 9
61 87
29 9
48 51
51 8
21 71
29 16
76 25
45 91
20 11
67 70
98 63
92 70
32 16
99 50
62 41
73 87
65 71
67 31
96 38
95 20
22 77
91 82
89 47
22 26
1 78
4 71
14 99
24 19
36 12
94 8
75 45
32 58
25 70
7 1
65 27
99 88
27 43
40 11
3 86
74 9
15 73
65 9
44 54
67 27
23 55
96 62
8 41
89 47
48 7
4 71
57 36
44 47
92 89
2 50
42 6
58 90
36 11
36 48
97 50
29 61
77 52
98 73
46 90
99 26
5 58
48 74
93 87
10 11
8 50
44 100
75 74
22 95
82 74
60 11
92 36
10 81
40 77
92 59
32 7
15 17
66 98
24 20
24 70
75 25
29 30
37 2
91 10
100 55
19 69
26 17
46 7
82 88
86 38
18 41
6 56
69 89
19 41
74 68
1 87
47 72
22 87
19 44
91 4
94 16
82 43
83 23
91 31
87 84
54 97
43 18
60 16
67 12
16 70
86 4
97 39
33 78
71 41
3 77
42 70
12 97
93 44
15 68
1 28
16 56
53 14
9 16
13 16
19 23
81 31
2 38
94 50
100 28
53 60
69 78
95 59
64 83
7 73
44 56
79 73
13 35
26 13
38 56
44 8
12 72
74 85
44 39
92 3
91 60
85 41
7 68
29 11
45 85
19 39
81 40
61 68
12 60
44 72
95 73
29 6
60 84
93 89
19 64
82 40
62 100
85 2
86 56
95 13
67 89
73 56
91 72
76 89
61 87
91 41
95 41
7 28
6 80
64 29
10 38
32 69
2 47
33 72
59 8
30 62
85 11
82 55
2 51
73 90
22 20
24 81
10 2
1 56
20 41
74 2
63 21
29 73
61 71
76 58
15 20
29 72
28 35
67 17
61 28
81 26
57 94
99 97
47 87
32 78
8 16
96 11
97 79
65 1
91 54
100 35
94 89
93 6
65 50
19 29
67 26
11 28
60 52
34 90
75 11
15 7
53 79
6 22
48 86
57 37
98 71
97 35
14 20
99 56
58 84
37 55
3 61
92 21
34 70
93 77
57 38
39 61
90 55
44 79
37 88
91 77
81 16
69 70
59 51
59 78
22 46
14 85
4 55
57 40
94 71
61 100
67 86
85 89
48 2
67 57
57 85
38 47
65 68
32 21
20 99
98 8
99 56
46 28
11 38
53 68
65 79
22 58
22 35
6 80
82 61
37 26
25 21
98 3
13 68
14 54
66 70
45 14
27 60
24 43
30 62
50 38
85 28
54 68
65 79
75 10
63 13
4 47
86 87
16 100
34 3
76 89
24 94
33 73
63 58
74 31
18 55
31 84
64 20
37 44
69 63
49 47
80 70
65 44
53 5
34 51
27 14
53 9
27 10
26 33
20 33
62 79
57 55
83 31
19 94
48 16
99 73
31 100
95 80
29 10
91 18
59 52
76 28
46 78
36 71
54 7
81 7
26 55
32 54
69 17
92 24
77 35
21 84
17 73
19 16
45 9
29 59
40 8
22 8
80 39
25 56
45 28
10 85
35 72
26 23
50 4
73 56
26 8
5 11
24 47
82 1
24 2
18 70
74 70
75 59
19 45
44 55
89 23
93 98
75 85
94 50
96 81
92 91
32 85
93 39
31 8
73 71
13 70
2 17
46 74
37 33
85 51
99 38
19 1
25 61
52 4
44 6
57 40
67 76
42 73
74 87
9 23
82 62
36 80
34 44
91 60
75 54
2 35
93 94
96 26
34 6
80 62
93 98
96 45
33 13
42 43
6 35
49 89
96 16
66 27
68 90
66 68
68 88
54 8
75 70
91 76
26 16
66 30
81 9
63 77
5 63
44 78
30 86
77 17
22 59
18 23
82 50
45 30
3 77
48 2
80 100
83 70
34 61
7 89
64 21
93 87
90 70
98 78
18 78
95 58
75 3
12 43
53 15
63 39
57 97
57 45
61 50
3 88
33 73
92 66
85 78
68 41
57 71
6 74
3 38
82 59
13 73
37 87
26 8
22 12
72 56
83 85
92 53
34 71
10 23
53 17
67 56
49 92
7 16
57 39
100 28
6 95
17 72
92 75
66 93
81 3
30 56
19 99
83 81
49 50
5 73
12 97
22 28
92 86
32 13
22 88
53 77
75 36
33 68
31 63
66 4
51 35
99 61
20 78
53 58
96 64
20 5
96 90
36 79
99 17
16 73
20 11
51 50
10 88
67 23
65 45
96 9
13 41
14 54
39 56
26 73
46 33
9 87
99 18
12 40
90 38
50 38
18 78
65 94
94 68
33 28
95 62
19 73
31 50
30 76
94 78
19 48
12 68
42 84
74 13
46 87
45 12
51 73
2 9
27 11
85 41
27 97
49 38
44 60
81 59
6 47
48 20
40 3
53 89
92 80
85 87
75 57
18 21
51 84
77 47
3 94
24 33
57 77
52 16
16 35
37 16
6 59
80 100
94 100
76 51
12 5
49 18
96 98
33 16
63 58
22 52
32 53
90 71
95 48
23 84
15 99
80 23
62 13
75 7
20 9
19 6
3 62
98 47
30 69
12 39
98 16
99 80
95 38
66 15
29 81
43 59
8 60
67 9
100 84
36 41
36 31
57 78
38 41
61 28
27 73
4 38
1 35
44 42
23 38
7 1
79 4
2 94
16 70
53 52
65 61
83 52
40 68
65 88
92 61
61 56
49 52
98 21
66 10
33 16
96 25
78 9
81 71
53 58
66 40
14 62
95 35
51 50
53 81
12 46
49 75
20 21
7 72
96 28
85 33
46 56
67 55
59 56
37 70
17 60
31 72
7 94
15 61
31 58
18 28
67 10
37 25
94 79
64 25
97 56
10 13
7 87
93 19
62 72
19 32
46 31
7 17
95 58
10 38
68 35
36 61
11 4
5 80
86 84
89 50
30 1
20 90
65 95
66 34
42 69
98 20
48 25
44 3
22 86
63 87
92 13
40 28
18 58
75 15
22 14
93 8
67 50
53 35
60 23
18 68
23 84
44 6
89 4
51 23
49 5
96 17
8 21
38 56
36 20
25 70
20 47
15 1
3 4
22 9
3 60
49 71
57 70
34 3
33 1
75 31
31 68
44 41
92 48
98 77
20 50
37 70
99 41
83 16
95 50
79 84
29 1
39 58
69 100
5 1
14 54
49 10
92 20
76 1
49 15
39 11
27 76
97 90
36 5
40 47
29 86
14 60
36 38
31 56
29 28
51 41
18 31
45 6
65 50
7 87
51 84
74 51
48 20
53 85
8 70
30 60
53 11
83 23
21 71
11 61
19 87
49 81
85 38
33 56
7 2
44 81
75 15
25 52
67 20
6 80
91 23
83 4
96 78
61 89
83 51
92 63
63 60
15 46
53 60
73 4
82 23
7 86
32 52
47 72
39 21
19 5
73 84
64 97
30 79
64 90
27 85
42 33
65 94
42 71
29 41
24 12
31 51
92 93
100 71
95 8
64 21
45 97
15 17
20 71
36 71
40 89
39 72
43 25
92 2
50 47
36 4
49 57
53 25
74 39
39 2
90 38
40 86
60 78
76 47
1 100
91 35
81 35
5 89
34 59
26 50
42 23
67 100
42 7
59 55
49 15
37 84
46 58
66 41
62 90
43 90
63 26
48 33
44 31
12 88
69 23
65 40
73 71
65 36
57 88
10 87
30 38
53 54
19 47
7 88
50 47
96 73
94 21
60 72
43 78
77 89
29 43
94 1
10 85
37 91
12 14
9 47
63 71
57 21
7 13
86 88
82 26
15 26
24 91
34 30
45 84
44 13
2 38
90 72
50 16
86 58
37 62
67 6
93 85
34 26
32 20
24 61
34 8
27 41
24 76
36 84
1 100
30 90
39 47
12 31
94 84
44 40
19 14
57 18
48 60
74 26
12 73
1 16
3 4
61 70
95 62
47 84
67 82
10 62
53 2
96 55
75 41
92 76
49 71
22 18
6 99
80 76
40 84
67 93
65 3
19 20
80 81
69 9
80 1
3 89
82 28
65 22
67 35
10 73
83 48
1 35
69 25
61 9
68 72
66 10
79 11
34 45
40 28
6 28
19 35
83 59
18 52
96 86
64 62
49 51
57 47
14 83
97 89
96 9
24 88
22 82
85 40
66 43
20 58
53 51
85 1
29 6
29 70
23 70
96 4
27 77
54 40
7 76
93 74
87 84
48 4
26 72
34 71
34 85
26 86
6 9
13 47
64 95
55 70
40 51
80 59
97 28
46 90
37 11
54 89
44 71
96 11
43 28
33 88
65 85
17 23
93 28
10 77
75 68
32 87
99 10
34 37
83 31
2 70
72 84
2 16
52 16
96 90
40 50
29 40
42 85
95 35
75 43
21 70
59 76
36 5
21 100
64 7
48 8
60 25
79 38
29 81
72 56
53 6
3 28
94 55
1 55
93 48
99 68
74 81
48 52
65 73
32 72
22 15
74 97
3 21
64 57
6 68
69 33
49 22
20 33
56 71
89 71
69 48
39 8
46 85
80 74
93 72
77 50
42 41
53 82
32 73
12 78
24 84
37 20
36 3
95 39
67 25
91 87
63 7
93 83
24 25
95 82
39 94
65 8
93 50
14 62
98 39
6 40
94 62
91 63
25 4
60 61
24 70
31 50
97 35
45 25
54 3
81 26
33 70
77 16
54 84
21 38
65 38
1 58
85 86
64 38
43 20
9 35
77 41
76 28
67 68
22 28
15 86
16 41
24 43
58 47
42 72
98 41
88 87
32 34
75 4
20 87
53 41
59 72
54 88
100 56
46 55
83 8
68 28
93 38
15 61
21 52
75 35
57 94
8 68
29 37
89 58
79 11
9 68
32 68
67 35
9 23
5 86
58 90
97 58
4 23
27 81
65 20
99 94
19 76
6 17
27 86
6 38
48 85
19 79
50 86
57 18
57 43
25 16
12 5
48 60
37 44
71 70
57 4
48 8
95 60
5 100
54 50
85 52
96 32
67 44
49 43
93 96
7 23
29 76
81 16
24 69
92 75
64 89
26 58
22 9
30 74
18 35
1 73
85 40
13 35
95 61
42 58
13 73
81 52
89 72
74 84
5 84
5 47
37 35
39 1
97 25
91 33
97 4
20 77
59 50
57 20
65 97
20 77
17 86
51 9
39 11
64 50
30 62
20 47
67 35
21 61
20 84
27 30
64 4
12 61
26 68
24 98
39 16
39 62
17 86
25 58
19 51
6 70
15 11
34 90
95 8
9 47
81 51
69 4
98 40
93 98
19 43
18 9
42 35
85 41
97 73
69 72
71 41
91 83
40 33
57 41
68 16
92 31
30 21
29 30
20 52
22 58
53 74
7 68
91 48
1 71
74 78
14 61
85 51
40 35
49 1
92 20
89 41
7 62
14 81
37 55
74 38
2 55
57 94
22 7
76 47
26 76
36 17
66 54
19 21
92 37
45 59
42 53
91 89
8 87
91 98
84 41
75 69
54 26
34 52
67 70
37 48
39 60
22 20
1 35
44 40
43 3
93 2
19 20
36 20
33 70
97 10
6 11
1 58
50 41
67 84
91 7
15 11
15 23
81 85
5 35
24 77
50 68
64 71
96 29
40 71
95 3
67 18
12 43
31 23
51 90
43 38
60 71
74 94
73 90
46 48
24 27
92 69
69 46
27 86
12 55
78 23
20 80
30 81
49 78
29 48
34 95
21 100
44 30
94 90
40 70
22 35
39 56
83 1
29 81
19 39
83 77
14 88
77 58
46 2
14 61
99 3
86 72
24 31
36 63
49 89
13 87
69 71
5 23
49 74
36 74
30 48
16 23
19 100
93 39
64 1
33 50
5 76
60 4
75 46
9 88
34 39
48 61
30 7
80 61
14 28
37 3
95 12
93 34
92 82
80 86
95 46
83 7
91 56
48 21
37 85
24 14
12 68
36 46
81 87
67 36
15 58
36 91
78 38
83 56
82 81
12 94
49 81
57 4
26 28
10 72
82 77
7 35
12 98
71 70
22 89
11 90
6 56
29 56
13 55
12 56
34 80
100 87
92 91
14 35
19 22
64 5
34 7
15 41
80 63
25 23
3 9
20 61
66 77
95 8
93 22
16 4
62 11
67 82
27 55
29 81
12 98
95 14
57 33
10 1
61 78
93 55
33 70
32 60
19 52
17 73
99 26
29 97
49 89
93 13
36 52
14 88
42 36
69 13
98 83
7 47
44 2
1 58
11 13
3 9
99 70
92 58
75 39
49 29
4 55
63 50
19 20
39 4
95 2
49 66
9 52
24 51
78 16
42 1
32 29
40 7
25 35
34 42
16 72
65 68
97 88
74 25
74 40
36 26
90 70
69 94
92 70
49 41
64 84
95 82
57 76
83 79
81 100
44 85
3 51
63 58
92 28
7 100
69 60
10 33
39 61
75 25
44 70
86 88
92 74
85 73
7 62
46 26
34 18
6 94
2 55
64 37
64 84
95 5
20 90
10 73
83 2
14 90
92 5
94 60
62 8
92 79
36 53
44 55
39 23
43 56
77 60
19 53
43 87
40 35
65 25
82 68
99 72
59 50
96 76
34 87
98 26
20 21
71 70
49 71
53 69
32 15
29 75
71 70
53 47
62 100
66 10
91 26
43 48
6 97
10 79
36 59
46 79
14 20
37 55
95 33
75 57
67 74
22 99
25 52
2 70
81 79
66 33
19 78
45 94
80 94
96 5
30 8
11 28
66 16
54 18
81 16
27 68
92 72
91 11
48 88
27 13
77 16
27 83
22 28
4 88
42 5
81 9
6 46
34 1
17 16
30 50
24 80
94 78
94 38
22 33
49 97
92 5
77 35
98 11
27 20
63 16
81 79
63 41
67 15
17 13
15 8
39 76
20 26
91 4
26 33
34 21
60 56
80 2
19 62
27 55
37 38
66 78
22 21
69 74
18 72
66 31
21 87
74 2
42 2
34 48
19 12
12 91
30 82
42 85
43 56
94 41
69 81
29 81
57 58
67 60
24 46
18 70
89 13
75 54
30 31
43 56
15 50
49 52
34 68
32 61
81 73
54 8
14 89
44 86
2 62
34 5
69 48
96 51
40 70
54 23
34 40
49 37
97 51
99 61
69 77
82 48
52 73
19 23
46 89
6 16
61 58
45 50
37 26
34 60
25 72
44 71
45 44
42 50
8 25
53 70
24 79
32 41
99 73
24 65
64 55
21 55
24 19
43 33
22 43
66 84
5 9
7 23
66 3
20 77
5 90
22 59
98 48
96 10
48 40
75 10
27 18
10 55
65 84
32 13
80 97
24 55
67 2
34 44
52 35
32 27
97 28
57 23
5 59
77 23
71 87
78 23
59 41
97 40
76 84
28 38
26 28
54 26
48 72
96 47
82 50
48 89
95 14
44 54
7 26
83 62
94 21
75 90
19 15
60 58
13 41
91 18
53 99
65 82
27 68
89 58
81 40
67 70
15 68
44 10
21 73
43 35
98 79
92 63
44 4
92 21
43 13
57 42
36 82
24 72
29 76
80 3
76 68
14 76
54 63
24 48
28 87
34 61
24 63
31 56
39 58
36 59
54 72
97 50
40 21
76 89
67 49
89 68
12 88
60 55
7 23
75 38
34 47
91 59
53 7
76 13
52 38
18 89
69 71
12 81
79 25
69 17
66 34
75 53
34 48
45 87
12 43
19 44
34 59
10 17
19 9
14 28
28 47
29 39
91 89
95 87
32 44
53 41
5 33
40 56
66 72
90 70
51 73
91 38
97 79
96 31
40 26
10 31
6 31
37 47
85 3
65 74
9 88
5 50
42 20
33 23
79 78
30 87
24 14
39 60
53 90
27 47
44 79
92 29
77 7
34 56
51 56
65 31
37 69
78 16
2 26
34 57
85 52
2 16
34 20
43 60
12 89
80 59
31 38
19 97
21 100
57 73
32 38
43 40
29 60
62 26
83 39
37 17
9 73
24 100
14 55
6 69
30 18
69 18
49 17
95 31
4 56
65 5
44 87
64 97
5 18
54 16
97 17
15 40
82 60
37 41
15 84
99 73
57 8
94 16
83 28
42 31
81 62
12 94
18 41
6 17
26 60
64 51
93 54
5 38
78 87
44 15
15 31
83 7
81 88
81 62
91 31
27 42
96 58
81 90
27 56
68 47
17 88
36 25
49 13
6 33
64 71
93 26
61 100
51 84
19 18
32 81
97 16
22 78
82 18
80 8
49 85
15 4
20 59
3 41
64 72
94 33
58 100
22 11
98 87
80 38
75 1
82 21
66 30
46 56
44 86
30 94
90 56
75 63
82 18
54 7
91 52
68 90
64 2
27 89
65 69
64 37
93 14
19 62
36 2
42 26
66 75
70 88
53 3
67 100
42 72
5 2
22 56
34 1
24 71
65 78
82 68
4 28
92 8
95 62
24 85
45 36
64 79
63 90
22 60
90 71
12 55
19 56
48 39
40 39
17 58
49 11
40 39
32 94
32 25
22 74
97 3
98 62
5 1
77 8
83 3
39 77
10 51
64 60
43 81
42 7
37 50
9 52
66 69
95 28
40 58
66 79
77 47
5 9
65 100
73 72
13 68
15 35
34 72
95 47
21 71
82 20
31 33
93 90
17 100
39 7
74 10
92 8
49 86
34 74
14 46
22 84
69 72
13 52
18 21
57 22
81 9
35 56
77 87
24 78
64 35
65 4
65 97
69 83
46 59
64 14
37 77
19 90
30 8
80 41
19 84
20 59
91 47
66 79
69 5
95 46
55 88
75 59
18 63
94 78
92 57
29 70
32 68
75 63
48 26
23 56
11 73
14 52
5 99
28 70
3 58
12 71
39 9
65 82
27 56
14 51
37 16
95 82
18 47
59 9
52 72
32 78
69 85
32 31
30 50
54 2
12 86
12 54
82 85
36 43
45 99
42 79
36 82
10 4
17 35
91 74
25 1
83 72
75 68
44 97
46 38
49 72
2 72
92 25
11 61
64 2
26 87
75 5
48 26
64 16
34 83
14 28
65 17
45 7
75 83
63 56
81 79
86 1
24 39
45 60
99 58
99 100
14 2
32 5
26 87
45 90
8 56
95 52
96 37
49 36
63 17
31 35
26 87
27 79
35 72
75 7
93 91
14 16
74 78
18 17
92 59
22 7
35 88
33 9
78 68
75 85
12 1
40 35
93 19
57 12
36 40
24 31
96 69
12 23
15 9
67 62
22 86
82 88
32 80
37 48
53 82
17 35
39 59
28 47
66 87
97 63
77 2
93 5
46 23
14 77
69 79
42 88
27 7
92 12
89 84
73 70
22 97
86 4
62 8
8 9
67 23
30 31
6 60
93 53
95 3
44 56
86 28
67 77
44 16
19 72
22 94
92 54
34 70
75 45
26 89
91 50
17 86
68 55
92 78
34 99
7 100
95 2
43 11
98 68
64 41
26 38
60 78
91 63
14 21
69 68
24 27
60 87
14 69
30 88
69 7
67 48
59 35
95 11
29 21
64 89
4 55
25 68
27 28
31 62
17 86
85 13
12 52
82 87
20 94
79 58
53 3
95 83
37 26
24 53
51 60
10 100
75 61
42 46
42 13
19 10
14 43
98 48
24 91
26 1
67 3
53 80
92 39
17 38
15 50
97 73
80 41
77 28
74 78
74 97
14 35
6 68
53 47
66 82
81 25
61 23
61 100
40 89
18 9
77 61
20 58
79 9
42 60
31 47
83 28
19 86
14 7
96 74
65 14
29 100
69 60
6 98
53 56
80 4
51 55
61 4
32 69
53 85
7 72
17 70
98 25
83 88
34 95
31 89
48 33
25 58
64 39
68 38
30 35
66 60
92 42
79 88
59 50
4 35
34 91
15 31
50 71
85 8
74 72
68 28
9 71
12 38
34 54
19 94
91 60
57 87
19 61
49 29
24 43
95 12
64 30
53 13
42 2
33 73
15 10
95 13
49 32
6 25
65 78
74 62
