156 72
169 99
27 42
114 1
119 143
18 57
196 48
116 198
148 185
27 46
57 118
6 190
77 198
54 166
179 157
31 191
75 37
184 72
49 82
14 54
163 153
120 165
44 41
110 121
33 151
174 109
140 43
89 80
145 184
173 123
195 92
193 80
73 60
141 44
100 91
19 4
123 111
97 1
75 133
145 142
178 36
167 103
87 2
151 99
91 113
55 123
65 74
71 161
186 92
63 90
111 101
13 195
98 140
26 35
134 180
193 57
95 94
99 190
60 52
140 89
34 43
159 55
138 141
190 172
83 96
92 182
35 41
4 9
166 31
92 70
64 45
61 2
117 148
199 139
139 109
142 115
153 183
92 49
112 44
74 105
39 98
197 7
140 56
119 3
48 20
179 50
18 132
96 9
109 120
58 94
17 15
65 170
182 4
74 122
141 79
199 62
188 145
78 85
73 72
68 43
64 92
54 73
169 163
55 10
188 137
159 106
152 143
193 174
66 134
82 65
143 67
124 47
65 70
156 158
158 169
189 169
170 88
19 34
192 165
87 159
9 175
45 133
137 151
142 130
75 145
45 162
153 86
107 73
144 84
126 14
163 167
168 47
73 131
2 47
169 35
179 15
53 9
10 50
35 97
176 119
196 4
31 132
20 158
1 70
8 51
1 188
180 136
113 86
8 142
37 6
83 44
111 32
144 20
181 113
145 115
61 86
136 13
194 112
124 170
55 22
14 2
169 42
18 95
114 178
194 57
133 50
145 151
30 136
52 98
68 63
53 167
62 185
156 15
101 94
62 75
40 33
142 46
11 70
127 28
140 183
41 49
191 127
169 51
89 101
9 164
107 113
84 95
88 104
184 151
147 182
34 14
138 153
110 30
140 61
114 116
10 130
125 113
133 19
181 168
151 31
99 198
163 145
99 113
172 8
115 157
109 136
26 96
143 195
87 94
127 98
86 57
69 54
117 200
149 115
164 31
138 167
104 27
164 51
58 199
199 100
93 84
54 27
172 30
159 186
34 104
73 97
149 107
89 59
180 114
87 114
3 81
28 5
121 125
68 126
117 51
91 179
80 113
147 22
165 104
119 75
24 7
141 55
42 80
130 92
110 32
89 173
85 9
17 122
35 72
91 146
135 76
59 168
46 28
194 125
53 131
106 64
30 22
164 124
136 115
117 164
37 99
185 31
169 170
70 47
144 32
90 79
168 38
6 132
136 200
73 102
182 118
99 86
84 78
189 78
76 137
184 67
80 63
137 61
167 199
151 179
100 160
108 9
52 140
144 115
116 133
20 147
99 77
57 178
133 153
38 27
99 23
96 172
195 86
1 194
134 191
199 113
83 3
50 175
61 129
116 27
180 56
102 37
77 182
50 120
10 160
153 16
115 49
2 122
129 47
80 22
157 187
75 23
171 81
198 132
102 49
162 126
24 89
75 137
24 199
123 177
174 39
32 15
76 13
6 84
33 143
156 60
22 154
67 85
160 49
106 63
147 33
176 142
1 113
158 34
171 57
113 43
41 166
56 200
184 7
69 27
51 16
131 172
62 190
174 10
117 8
160 181
132 25
161 77
94 104
165 99
117 65
87 132
69 169
91 121
147 52
35 182
45 146
35 46
44 94
125 5
27 36
58 134
169 186
83 144
133 41
23 187
148 38
7 84
174 32
138 121
29 95
56 79
139 19
32 129
62 65
153 136
136 200
11 99
128 198
50 25
1 74
55 73
198 143
25 86
45 44
103 123
76 38
144 142
122 132
10 196
146 86
37 16
30 2
156 106
71 51
148 80
128 122
33 73
144 84
75 107
6 30
138 103
3 99
137 128
133 124
10 72
46 61
24 22
18 153
167 64
144 41
41 124
179 109
174 64
153 195
98 27
190 166
135 10
147 195
94 43
126 127
71 108
27 150
182 32
176 21
175 170
37 188
133 2
55 19
137 132
112 52
161 115
179 63
190 110
12 15
34 200
116 171
33 22
104 43
18 118
102 175
6 100
77 38
197 148
197 198
146 151
161 149
147 74
100 173
78 168
103 143
173 132
58 172
31 177
117 11
35 21
109 177
159 134
176 150
140 51
126 125
95 43
10 154
170 31
181 197
159 84
139 114
12 101
189 125
65 56
41 197
116 85
27 72
159 55
98 27
93 68
119 21
159 81
193 138
130 74
170 15
189 127
49 105
70 32
37 113
69 150
68 84
99 148
182 115
137 70
99 171
149 137
55 49
161 119
44 7
147 50
14 111
24 121
56 74
19 146
153 7
87 12
77 113
120 124
102 157
139 108
12 193
185 154
60 70
174 109
24 195
41 79
14 100
134 191
8 80
109 153
135 196
67 81
142 60
120 59
89 111
37 173
183 70
93 186
93 43
83 9
11 121
48 169
126 36
175 79
158 99
12 78
91 1
137 142
75 95
58 190
168 21
16 157
161 142
160 143
14 23
103 200
117 96
167 195
93 12
197 109
149 172
58 25
53 159
192 197
167 142
108 46
112 109
107 178
159 128
44 67
160 103
161 50
67 49
184 78
188 101
151 120
114 45
1 121
108 4
135 73
69 3
96 11
156 115
39 106
164 74
93 167
105 121
191 113
42 74
116 103
73 160
68 122
146 154
119 27
187 70
64 67
134 171
111 63
129 36
192 130
112 115
192 96
29 22
33 195
116 64
144 94
158 16
112 109
179 173
8 7
151 155
108 142
80 105
14 99
138 42
6 160
93 175
52 9
168 86
193 21
93 161
37 184
49 113
151 183
25 113
198 171
87 129
57 150
97 11
17 50
13 8
45 85
158 118
68 45
77 148
192 172
138 122
155 88
71 154
185 123
163 30
176 15
164 28
161 195
68 171
116 109
87 92
120 28
81 170
180 41
18 104
167 7
134 73
182 2
69 165
107 194
2 86
189 85
21 79
19 195
76 196
54 42
152 77
44 2
17 133
65 88
35 145
96 102
24 121
145 16
13 177
93 87
164 104
135 100
142 166
107 127
183 21
103 88
158 157
63 25
49 111
73 131
159 89
146 166
17 110
134 129
162 105
18 128
149 32
104 16
152 125
174 92
174 127
131 102
92 200
133 60
133 101
99 28
164 129
114 79
44 124
39 129
3 199
188 112
109 67
179 187
40 184
78 115
8 108
29 4
116 182
62 46
84 31
1 7
66 161
40 91
3 132
43 150
76 132
87 152
114 73
67 118
64 184
176 172
40 131
174 75
133 59
186 71
73 100
58 121
163 14
164 22
29 33
188 146
176 169
196 140
17 7
73 101
108 85
10 90
12 115
42 118
23 154
100 35
161 72
80 177
159 86
73 97
159 198
189 192
79 22
18 184
13 52
169 142
12 88
62 173
189 68
11 56
161 29
165 122
162 5
49 122
193 158
139 131
80 74
119 3
144 23
136 36
41 171
131 43
107 179
149 27
196 27
109 190
45 6
107 129
93 118
193 55
141 200
82 177
189 169
24 100
4 105
193 74
144 183
126 122
159 120
177 70
65 38
184 123
107 22
24 78
200 118
196 134
60 148
190 103
175 95
45 6
147 77
127 177
160 166
58 182
190 88
68 99
30 7
67 15
55 16
164 185
82 51
67 84
127 28
39 75
96 27
69 136
141 150
73 172
142 143
64 50
179 111
53 131
160 67
55 143
155 181
169 131
34 29
50 25
127 63
48 123
144 10
178 15
158 18
132 79
106 36
123 72
66 12
60 49
69 99
141 127
41 118
67 170
109 77
135 23
91 79
97 185
124 170
2 63
48 36
62 111
145 63
131 36
196 171
136 70
16 154
126 36
136 13
2 118
37 89
34 152
139 185
39 123
17 91
141 130
182 38
157 21
76 156
84 82
196 150
49 79
25 157
200 23
141 146
149 164
149 40
39 38
146 85
5 154
87 142
186 79
81 98
17 117
62 143
117 28
180 80
174 19
14 26
197 65
12 67
8 84
189 167
144 3
136 72
139 162
172 125
39 119
133 96
77 59
14 121
10 39
55 23
66 142
29 14
136 168
157 154
34 78
84 200
172 46
40 85
158 54
93 58
189 167
91 94
40 70
193 16
169 1
12 63
61 177
60 148
112 127
45 27
3 92
158 71
6 175
82 98
14 9
119 91
64 21
127 150
20 1
174 102
148 84
110 143
119 197
103 43
57 28
149 36
8 72
24 66
171 13
139 51
172 77
48 5
110 43
17 191
138 8
195 157
34 95
91 132
101 70
106 1
165 166
45 171
94 28
18 72
35 43
148 175
188 31
141 189
33 49
195 79
27 21
93 100
66 136
93 22
89 15
198 185
149 139
132 187
189 72
55 31
131 157
188 81
107 4
39 61
189 71
71 183
18 191
109 123
156 160
168 177
173 21
194 188
75 51
102 136
131 36
103 125
172 52
106 26
189 144
29 143
55 27
62 195
132 183
44 118
52 32
29 175
86 36
76 109
147 82
88 89
128 86
97 4
106 126
112 191
174 28
104 42
56 178
192 130
145 82
184 49
58 90
189 164
93 84
156 50
77 150
17 176
3 77
4 23
142 182
81 22
172 85
170 101
66 118
189 13
87 63
200 122
174 83
18 57
107 181
87 39
120 182
133 157
119 182
66 6
163 36
190 191
164 80
180 88
167 117
147 28
159 62
15 129
68 30
176 13
120 94
149 195
57 70
87 135
83 112
23 74
64 102
159 179
130 57
88 129
109 121
117 154
53 89
24 67
76 54
138 146
162 67
73 78
142 42
198 47
87 61
182 122
186 19
94 2
101 23
93 198
134 44
101 5
87 151
120 38
37 84
91 78
167 146
186 56
77 110
75 200
138 155
186 26
169 95
17 180
149 155
168 95
197 200
180 167
107 97
48 128
60 118
97 165
156 141
76 185
55 79
50 78
124 5
75 185
183 86
76 176
99 101
75 96
102 132
114 27
188 179
85 49
46 129
64 26
144 85
71 124
176 181
110 140
181 108
92 72
159 75
155 177
184 22
160 104
144 94
167 54
170 177
186 164
166 130
73 120
116 50
149 47
15 21
4 42
26 122
162 170
126 123
184 187
194 98
134 33
55 131
165 136
55 157
130 59
53 172
42 183
7 143
48 90
68 104
189 10
76 164
18 122
194 15
34 137
147 122
160 1
103 154
21 47
18 108
134 8
45 75
191 122
140 178
163 173
69 146
84 115
189 164
194 82
194 164
158 60
151 200
146 122
30 132
188 27
19 50
16 47
6 74
171 8
185 111
87 167
131 190
77 136
58 107
39 17
113 90
48 16
98 43
72 16
144 155
62 98
66 179
181 2
117 15
170 72
14 124
18 197
71 199
165 80
69 48
190 132
68 84
110 49
58 146
139 154
138 187
136 23
62 165
163 167
70 5
189 157
33 175
44 2
138 29
7 98
167 90
187 22
6 23
39 4
67 60
7 79
44 41
146 11
93 30
11 104
54 112
87 186
37 30
192 4
151 172
194 112
76 5
53 190
117 25
192 44
39 165
34 179
181 4
156 174
144 161
84 31
153 59
35 187
40 33
55 155
139 191
40 29
128 21
159 45
137 65
124 46
34 97
40 163
96 27
128 50
64 137
165 90
135 200
16 157
141 85
131 200
58 199
130 49
33 145
160 140
110 118
70 21
31 80
41 16
93 39
7 74
53 86
75 50
124 129
75 94
95 129
90 154
95 51
24 47
114 38
1 98
185 57
172 140
63 56
69 41
10 26
67 129
148 95
157 22
116 132
13 49
31 57
120 77
151 74
191 132
64 122
117 11
114 148
134 3
195 113
144 197
83 146
139 25
157 121
184 130
141 95
67 89
33 109
54 154
163 195
17 99
185 178
87 95
130 86
139 140
131 79
133 197
48 115
35 1
141 98
100 98
151 105
142 46
75 107
9 175
129 21
141 63
100 179
24 132
110 36
19 165
12 198
68 47
73 22
58 174
180 167
135 15
7 49
33 157
38 28
200 16
172 86
144 77
192 137
7 56
127 57
46 132
50 81
87 71
10 104
196 173
120 152
34 140
25 28
181 177
156 3
77 7
105 177
105 125
50 67
87 176
107 21
73 190
16 178
196 44
149 72
158 199
170 111
152 191
33 15
69 128
84 182
41 86
103 143
97 74
62 126
45 137
45 78
182 88
105 122
3 167
159 28
153 185
13 16
14 192
200 154
181 190
145 90
188 175
180 36
56 28
13 74
18 106
54 59
156 150
136 105
156 141
76 124
24 89
140 74
18 184
41 16
31 123
82 90
37 38
167 64
69 200
109 124
35 171
52 173
96 5
165 108
37 90
2 183
176 2
87 103
123 15
157 5
153 25
93 2
156 152
39 35
147 91
75 63
150 22
34 183
130 183
53 18
2 177
71 192
92 15
18 60
6 38
41 171
194 101
191 88
92 118
17 99
143 43
176 134
9 49
67 178
78 132
137 118
158 197
37 38
161 74
87 200
112 191
87 120
107 145
169 133
45 103
188 127
112 101
24 113
116 57
74 154
82 90
58 156
169 71
189 167
44 90
119 51
189 110
184 115
34 57
186 32
39 122
66 22
148 101
116 157
186 30
147 99
110 9
24 147
161 95
169 68
143 94
160 25
124 23
185 113
27 28
3 72
50 74
199 8
159 104
135 152
93 141
24 46
145 111
112 43
178 79
18 179
79 22
33 177
3 172
162 118
176 114
43 118
58 22
134 173
136 52
193 70
184 46
186 194
43 86
141 124
148 90
131 171
122 154
53 93
146 13
120 123
1 36
199 33
135 119
181 129
194 146
92 57
119 22
45 9
58 192
147 97
114 84
9 154
128 140
119 60
37 104
89 74
84 129
84 85
20 190
71 25
196 43
117 97
15 5
131 4
13 130
14 26
147 181
142 46
53 6
77 86
171 79
66 104
87 158
174 67
19 157
53 43
55 118
40 49
197 166
64 13
130 5
116 126
139 187
75 98
83 147
144 90
24 69
192 37
87 171
92 157
161 128
33 84
75 171
134 143
87 61
39 20
181 13
127 104
35 38
98 79
54 91
62 74
120 143
17 96
158 168
23 118
162 155
134 23
100 52
147 134
131 200
161 178
144 123
127 25
11 122
165 59
119 34
196 133
81 4
87 153
82 36
38 94
66 8
10 115
114 178
6 85
174 175
73 5
11 4
64 128
52 170
144 177
83 20
48 81
173 5
160 43
144 170
55 130
55 149
130 191
107 51
17 90
171 57
12 73
14 44
107 120
71 54
139 122
107 36
138 14
9 95
196 105
146 43
39 86
192 38
93 47
161 105
93 51
67 115
87 60
156 79
163 143
126 44
83 113
17 28
88 38
34 127
177 70
87 20
99 121
140 122
184 60
10 150
50 27
91 113
149 118
73 121
131 90
58 90
141 188
75 26
45 150
37 4
132 43
151 108
71 101
55 16
53 102
20 169
169 179
189 73
82 177
197 56
159 199
198 154
190 118
19 37
188 173
132 51
107 33
10 60
144 7
53 11
174 128
91 32
167 63
80 118
45 162
188 36
95 157
53 91
171 60
54 26
197 110
136 15
54 184
170 25
160 61
96 181
138 105
53 17
138 164
20 26
53 163
45 13
42 36
98 21
107 155
137 88
30 150
80 43
114 154
19 184
110 118
185 27
140 122
158 50
106 112
39 46
20 182
64 57
189 109
18 165
138 159
193 82
56 105
179 132
99 85
195 177
107 35
190 170
112 82
6 22
135 44
48 182
66 38
3 128
138 124
93 126
83 55
158 94
40 11
2 51
151 122
1 78
103 38
68 120
19 132
49 2
54 57
160 173
165 166
124 88
164 80
198 31
73 7
84 127
78 105
174 190
17 125
69 165
53 29
114 118
109 16
189 98
126 31
173 118
166 103
66 108
10 22
114 78
169 183
55 88
89 168
1 81
9 104
114 99
69 31
193 18
186 74
91 197
142 15
192 143
159 58
65 113
117 140
148 21
174 15
192 63
153 103
2 47
12 58
152 7
53 107
41 36
70 28
60 195
141 101
66 60
54 78
169 72
49 105
162 26
180 63
25 16
76 114
176 149
138 199
3 167
12 30
159 11
14 42
53 85
29 182
64 151
83 113
125 178
2 25
188 79
16 157
99 129
150 32
55 45
191 168
115 88
62 155
92 170
71 73
180 172
3 157
78 183
71 120
3 112
64 74
33 113
4 122
159 134
174 57
73 60
131 136
189 140
177 28
147 154
19 184
114 198
151 166
171 90
35 56
189 74
28 5
37 145
167 16
26 178
35 2
14 79
83 144
92 101
175 185
155 27
109 78
88 36
141 144
135 58
108 142
193 148
67 70
71 142
141 196
87 40
44 182
37 11
61 15
138 67
114 96
124 94
126 173
163 112
17 97
200 16
100 4
136 178
64 195
109 47
9 42
116 64
119 63
10 44
60 122
84 65
3 103
35 21
69 7
116 56
123 94
137 88
126 60
65 61
160 128
46 21
83 80
59 57
172 4
43 57
14 98
76 145
153 57
139 19
193 18
52 84
155 89
199 142
68 29
133 190
34 191
171 130
165 51
167 173
103 57
83 167
100 103
145 185
102 170
45 9
107 175
145 65
55 142
134 133
10 9
156 177
34 179
197 191
97 200
3 164
95 104
139 72
193 191
55 184
81 4
111 168
176 140
33 185
148 89
34 107
39 128
72 74
17 133
119 4
199 118
138 30
71 150
183 187
34 33
192 188
77 9
1 115
178 70
18 109
10 164
151 175
117 23
64 173
107 173
161 147
13 157
106 99
34 14
73 101
135 195
97 127
93 88
4 57
109 170
76 91
18 50
76 166
190 92
197 86
19 80
141 3
45 103
44 15
107 36
3 82
163 22
114 175
194 168
160 4
199 171
180 5
48 52
75 52
3 85
25 125
18 77
186 124
71 9
24 151
81 63
114 151
97 160
148 32
138 71
50 103
167 35
138 39
167 38
81 125
4 157
75 67
172 94
116 145
138 194
124 90
18 129
12 71
91 178
48 149
29 188
162 34
24 130
87 25
93 97
96 173
181 153
195 2
73 100
179 4
48 143
136 98
17 122
197 27
100 49
147 152
144 57
69 103
112 4
91 150
135 156
55 59
140 59
8 111
39 65
30 28
131 102
169 150
107 77
139 123
143 129
29 124
100 165
97 153
117 68
76 167
197 177
66 111
193 150
102 79
34 107
148 173
189 32
141 161
124 57
163 100
112 151
50 165
33 200
166 185
111 27
130 31
39 158
97 23
55 18
73 178
40 117
13 61
146 44
111 43
152 52
144 72
130 85
125 21
69 184
186 175
160 103
169 140
53 109
134 18
184 105
194 51
110 168
159 102
44 128
93 115
199 152
74 32
133 168
192 28
116 29
23 25
58 110
114 1
95 86
173 27
9 74
116 197
72 118
10 99
77 82
198 42
82 28
102 185
97 121
116 46
41 140
149 52
164 132
167 162
10 88
3 52
119 40
55 47
19 52
61 74
8 21
184 84
59 74
96 27
11 51
40 179
173 74
107 142
7 82
89 177
144 170
197 153
169 100
192 5
158 31
53 142
40 191
153 123
198 49
190 30
125 90
82 127
69 62
146 123
97 8
171 115
96 198
16 129
50 173
144 60
102 78
146 151
81 47
97 195
161 19
82 140
189 41
2 125
14 109
145 175
131 57
137 57
76 161
48 123
34 187
120 129
139 105
8 25
149 32
114 27
53 14
123 70
55 116
101 28
73 124
159 107
59 150
191 154
188 95
33 63
74 154
76 178
35 197
184 56
180 107
100 195
159 141
87 159
139 65
20 173
71 107
134 62
99 148
192 170
19 89
35 188
162 70
26 97
102 57
196 145
116 112
82 47
173 38
33 113
152 79
64 95
198 51
105 150
119 163
142 125
19 122
194 173
24 43
153 175
18 185
116 6
14 42
188 59
93 54
48 181
194 165
59 51
14 130
64 121
134 115
161 33
9 49
190 4
133 92
161 130
194 145
67 88
176 157
88 101
199 190
182 129
39 162
192 22
66 138
72 23
45 47
188 49
87 78
136 74
63 122
1 109
55 79
92 113
135 58
103 185
64 34
120 166
166 31
96 32
37 136
10 3
40 184
143 56
191 98
97 177
199 16
53 166
116 62
44 99
17 80
149 101
33 2
24 74
146 198
97 28
11 185
31 88
155 171
165 4
10 180
74 32
102 148
118 150
137 86
69 10
76 194
153 130
184 60
112 61
157 47
188 128
33 72
65 86
55 140
114 74
150 154
2 113
167 50
20 143
66 54
101 95
197 42
163 130
168 28
172 7
161 30
18 130
87 50
147 115
190 8
1 113
167 75
103 46
155 74
176 3
24 18
53 59
17 79
38 25
91 88
134 118
165 82
161 119
71 152
35 127
41 28
188 185
192 11
12 95
200 121
52 28
176 196
141 173
152 81
190 2
83 176
58 45
26 2
117 32
60 173
194 25
37 80
145 47
120 110
114 30
149 133
60 28
196 101
31 178
13 5
132 15
18 3
26 109
98 21
92 46
147 70
63 200
142 4
41 165
156 101
54 194
184 31
64 184
54 7
163 128
50 121
147 41
192 155
24 91
114 74
193 36
141 6
54 21
83 171
164 200
172 152
20 97
136 140
69 58
44 181
168 23
196 123
55 31
11 120
134 99
45 120
54 142
102 5
96 148
169 119
1 31
123 63
55 25
106 185
130 123
169 68
60 175
69 44
193 121
33 187
131 31
73 78
168 5
44 171
48 6
200 121
196 163
108 122
24 33
182 127
151 86
99 81
99 111
99 15
91 50
172 38
73 128
1 194
50 8
167 120
193 164
180 127
20 28
189 179
40 51
104 80
97 16
23 132
29 192
144 169
13 86
148 129
127 183
163 50
1 59
68 99
162 86
106 152
20 35
59 74
88 36
196 149
72 122
138 154
53 64
147 81
24 72
3 47
144 152
37 51
152 191
44 120
83 19
76 68
52 130
11 154
85 185
54 26
54 129
66 158
87 77
115 132
23 129
71 46
49 16
152 60
69 87
161 192
56 177
34 123
190 94
76 83
3 75
144 14
83 62
194 80
64 94
171 127
161 128
48 79
126 125
134 114
176 7
80 72
26 15
188 21
186 103
104 23
133 33
75 96
155 110
161 89
87 187
81 56
139 191
168 51
107 33
66 170
64 107
174 144
109 74
76 195
186 72
184 179
82 154
66 138
120 111
149 44
52 49
198 59
185 16
107 14
20 111
102 31
40 178
29 155
135 153
30 183
196 6
60 5
109 36
196 128
29 94
177 113
82 2
173 111
141 143
81 187
174 16
114 183
177 47
76 140
110 59
142 177
6 145
17 21
128 11
12 64
175 49
156 151
121 113
110 47
25 90
133 200
3 160
75 13
174 89
188 157
17 91
173 80
35 191
161 180
55 26
87 68
57 70
8 170
156 80
9 28
132 177
155 88
107 150
76 83
44 142
144 63
66 87
192 137
83 68
160 57
161 113
138 159
168 200
176 46
151 65
186 67
53 98
6 8
75 8
55 15
120 72
3 108
44 121
93 197
151 99
7 183
147 96
192 36
92 70
160 166
3 26
146 175
69 172
51 157
173 168
104 118
49 123
53 90
30 103
54 115
104 25
10 171
35 151
16 47
103 38
112 150
145 166
24 42
186 18
111 59
155 153
184 47
85 183
180 117
93 136
10 31
96 101
171 132
196 9
156 169
138 34
28 36
96 38
66 151
181 89
180 170
45 150
174 100
107 125
135 29
189 23
128 132
26 142
26 142
163 108
85 183
58 120
14 112
133 200
172 132
29 181
37 36
51 79
127 132
138 36
75 188
139 175
17 98
171 195
137 82
49 31
107 38
67 98
147 101
144 175
106 185
53 166
175 185
102 191
196 155
146 125
85 183
91 65
54 200
95 150
176 145
172 148
199 46
75 124
12 189
93 153
179 88
169 35
135 154
141 39
50 197
176 142
73 30
196 95
67 38
44 166
195 113
12 73
13 111
11 49
139 164
190 52
37 123
40 85
149 197
138 175
33 130
180 26
179 120
180 112
163 199
42 16
114 98
189 84
19 29
116 38
111 154
97 89
126 192
109 148
147 182
114 59
145 179
100 194
84 132
20 200
85 22
76 57
191 80
106 198
134 187
151 52
100 109
92 164
175 200
8 7
93 138
66 107
23 113
106 34
190 60
103 16
82 177
179 92
167 92
194 77
138 126
8 175
196 125
141 46
33 60
92 101
159 81
75 136
148 90
17 3
67 57
170 79
78 81
11 191
166 16
110 198
140 187
82 38
151 88
156 68
115 101
115 59
40 147
193 73
137 104
151 198
63 5
190 132
110 98
109 148
3 155
169 59
186 125
107 95
10 109
172 60
53 92
75 200
10 195
93 73
53 83
50 79
149 151
145 8
32 47
162 89
131 46
144 65
196 107
137 9
107 57
93 3
30 170
87 63
160 190
26 11
7 121
100 120
11 123
100 198
96 157
52 125
178 118
95 38
194 30
12 129
1 185
160 104
149 115
156 7
35 78
58 195
8 178
45 73
158 46
60 22
188 98
159 172
135 118
26 142
125 187
68 19
51 187
172 57
3 200
183 28
174 61
18 152
197 77
133 140
155 13
159 34
141 163
167 44
117 42
171 166
10 124
115 9
188 165
56 86
64 104
123 200
58 41
98 23
104 36
186 68
64 50
38 122
24 66
149 67
116 166
55 194
82 80
98 25
36 47
158 109
39 26
53 38
194 51
158 61
39 150
62 26
93 85
31 178
150 28
14 143
174 184
167 19
41 101
134 31
176 23
33 28
46 74
123 132
66 148
12 82
29 124
4 32
167 155
180 6
102 101
40 85
100 115
31 95
55 79
117 35
171 38
69 82
138 102
180 19
182 127
142 157
156 133
93 164
186 108
63 56
65 36
159 155
163 15
182 46
135 161
14 195
144 90
62 74
10 110
196 111
109 104
25 79
167 108
149 153
77 103
81 5
170 98
12 122
28 90
161 2
141 176
66 148
1 88
91 185
167 179
120 132
138 77
189 134
6 124
89 122
132 16
69 141
138 162
149 50
45 137
62 44
169 175
78 122
77 60
169 97
45 34
156 188
106 89
37 5
144 145
91 61
174 141
164 178
163 123
133 99
87 154
45 142
41 164
148 82
39 35
127 47
110 195
128 74
77 111
69 164
177 5
18 99
71 200
73 121
106 7
6 198
87 150
115 74
195 72
151 148
162 84
195 81
7 154
186 177
197 115
40 188
184 104
52 122
24 84
102 16
100 188
41 21
18 97
84 129
99 125
87 161
153 152
12 14
139 79
186 152
152 52
9 95
126 136
13 85
142 111
12 179
180 68
100 70
87 144
120 132
130 182
177 28
8 9
33 200
162 185
174 49
160 49
33 59
133 130
197 82
144 31
192 60
60 51
171 80
40 64
147 179
38 22
198 23
10 181
24 87
6 80
69 96
33 9
46 57
143 185
66 6
198 72
44 187
83 187
121 15
17 179
75 179
146 65
161 25
10 136
136 123
153 78
197 125
75 153
163 127
174 88
126 28
135 112
159 99
59 95
100 154
58 134
26 177
112 38
68 11
10 133
162 125
13 38
27 80
133 59
73 146
51 16
138 29
137 99
114 25
192 155
172 110
73 2
85 132
81 121
142 36
69 170
73 9
69 138
76 36
11 92
12 89
169 40
160 151
122 113
53 104
73 127
134 178
132 47
35 197
176 150
53 169
99 113
40 172
41 108
135 125
45 166
175 28
163 166
115 111
29 115
108 89
182 94
94 25
14 4
112 113
163 145
155 129
45 140
167 64
66 175
144 78
26 128
24 198
168 183
41 81
10 199
184 198
87 91
116 122
162 182
132 150
96 128
27 118
76 5
40 47
17 140
6 105
97 145
106 154
24 152
71 101
157 90
45 190
135 199
17 185
30 125
174 61
130 104
100 23
179 90
40 94
11 110
66 177
77 177
106 27
71 27
12 167
174 30
192 80
19 84
87 142
99 166
55 111
161 19
138 40
1 104
191 121
130 129
12 166
119 140
170 79
149 1
177 51
66 200
52 118
100 81
199 164
174 29
60 195
55 71
33 151
193 170
166 72
41 124
48 35
40 128
102 79
12 191
54 120
175 118
144 104
176 131
116 175
180 8
82 43
12 77
71 198
167 33
106 82
18 139
152 150
68 145
127 72
165 200
13 27
136 198
128 120
96 152
17 70
93 13
156 91
83 157
138 37
196 125
185 82
45 91
156 41
99 123
174 115
185 27
103 57
186 26
40 178
151 104
184 80
199 26
176 23
4 129
180 52
199 41
26 184
44 104
26 28
156 65
198 185
66 122
106 184
58 150
93 15
146 127
17 16
126 107
116 107
67 95
45 1
91 72
87 3
84 89
149 197
102 111
91 113
2 74
119 172
45 121
41 50
142 123
67 150
196 62
58 11
76 20
142 113
197 22
169 90
147 56
76 105
76 175
141 86
186 198
197 125
43 28
199 75
83 70
191 16
141 10
162 74
26 4
19 145
76 11
58 95
114 112
167 188
41 7
155 47
119 157
80 122
156 176
73 130
169 64
158 91
6 60
110 42
74 16
44 177
109 140
53 171
57 36
83 34
175 150
29 79
152 7
109 65
161 173
40 82
24 102
23 21
54 108
163 134
48 192
106 148
151 8
100 181
48 2
106 59
58 88
17 160
66 77
197 31
71 19
198 108
156 172
184 90
14 30
191 36
141 129
53 26
147 129
76 178
193 17
186 149
147 35
193 70
161 146
39 26
9 70
133 185
145 166
30 86
68 14
195 61
181 65
83 152
41 128
188 56
146 136
24 62
188 105
135 165
6 4
164 86
56 187
53 77
91 56
85 72
18 50
1 142
160 1
167 136
184 137
151 50
138 180
66 6
158 111
68 127
188 61
19 198
196 88
195 4
126 136
173 61
131 41
160 70
64 168
35 157
142 187
62 91
138 135
44 191
147 183
180 4
112 136
134 192
54 90
10 140
156 181
142 5
156 11
114 164
19 191
124 111
53 166
93 54
54 143
9 140
12 179
40 68
162 90
100 7
19 35
100 104
75 129
12 27
23 21
53 194
19 171
145 8
145 175
72 61
77 57
120 65
163 44
96 188
167 151
77 65
192 7
20 44
184 57
138 114
116 129
39 30
179 142
65 157
49 28
12 40
148 105
130 38
81 113
186 94
139 70
173 178
94 25
93 73
123 150
119 19
199 106
34 100
52 195
142 98
147 95
158 168
115 32
141 175
189 7
163 60
77 89
45 179
144 11
151 57
42 86
87 154
26 85
141 5
107 44
151 85
133 110
30 9
163 5
75 91
198 67
61 22
75 37
6 16
6 95
11 25
139 77
49 157
138 190
199 102
24 122
163 51
188 81
65 124
99 84
199 8
19 111
11 80
112 151
69 93
160 115
109 92
12 103
165 2
169 78
9 16
117 136
174 168
92 185
161 152
147 194
131 85
96 21
184 41
133 2
138 99
199 92
198 81
6 165
34 9
91 132
106 79
75 103
194 178
163 171
155 23
180 182
120 95
197 124
4 170
165 89
14 137
10 40
194 13
170 127
169 21
116 133
164 49
191 183
133 19
120 195
46 154
71 114
106 117
99 63
37 171
187 90
194 42
146 41
24 69
108 177
84 187
194 164
68 16
11 173
171 82
13 47
99 51
48 106
8 80
139 181
14 155
93 23
17 100
156 160
164 21
12 107
76 9
24 85
84 21
114 45
107 110
159 88
135 194
89 25
118 22
105 122
83 64
114 145
133 86
193 56
115 59
184 190
135 155
156 139
97 187
143 129
115 154
11 109
131 175
137 15
134 194
12 47
20 190
169 119
163 127
64 27
37 79
96 67
75 11
194 123
160 44
96 104
107 188
192 84
199 56
62 28
177 79
192 148
135 28
97 15
114 77
156 20
139 157
24 57
163 145
8 78
194 197
161 50
193 10
144 110
71 170
116 178
69 9
50 57
156 133
130 90
82 89
17 123
93 111
63 118
79 5
167 80
100 178
186 185
199 195
162 74
91 110
30 191
52 191
164 175
16 157
60 42
188 128
107 88
45 165
159 179
111 178
133 177
7 148
92 129
144 56
73 36
97 65
73 51
20 157
141 79
144 18
81 2
76 74
158 182
165 154
33 79
65 150
142 104
12 62
76 62
60 56
82 72
147 181
45 47
26 46
58 61
6 121
135 184
12 172
3 194
137 46
58 70
45 173
9 2
135 65
68 51
164 21
159 136
55 103
44 145
197 168
66 193
193 164
112 56
6 22
135 15
106 96
44 121
78 57
160 130
58 47
93 20
198 47
58 110
38 177
112 2
72 200
162 103
169 1
97 145
75 29
114 157
24 70
156 200
53 141
183 32
159 80
34 65
160 32
131 123
69 190
96 15
93 104
148 157
75 192
25 15
167 198
152 43
149 89
163 126
66 165
100 171
112 145
17 105
186 101
180 41
184 38
103 122
37 89
71 126
10 9
184 111
126 16
68 175
30 15
116 5
66 164
199 63
4 127
33 172
169 63
8 23
3 47
48 149
163 128
73 197
145 85
179 200
103 38
61 150
111 38
96 136
66 106
29 92
139 165
55 20
176 67
186 72
39 48
50 200
19 22
27 105
93 2
65 121
116 29
174 61
155 113
92 157
66 117
6 46
106 162
93 101
115 111
196 100
189 95
149 7
77 98
174 191
17 180
95 36
13 43
167 120
112 92
128 172
41 77
152 166
167 97
137 99
58 104
141 49
87 142
3 112
185 61
192 179
56 113
174 121
119 6
145 124
117 33
169 82
167 143
83 22
137 182
181 179
103 56
97 86
45 42
106 130
89 95
114 92
98 90
87 183
54 110
55 118
156 109
3 27
131 92
128 95
54 123
114 51
24 133
37 15
46 113
98 187
83 134
158 26
7 32
149 110
91 120
54 154
139 114
190 23
182 38
156 116
87 197
40 97
146 183
127 129
58 64
162 74
26 127
39 54
185 168
182 56
101 28
39 86
156 56
91 191
138 56
112 108
165 195
67 129
91 105
101 59
55 29
107 124
155 8
167 5
55 112
193 135
106 184
141 10
174 51
196 77
125 21
37 179
174 173
18 132
182 124
192 160
39 78
70 15
137 190
103 52
106 129
50 15
68 153
137 84
83 34
91 127
163 74
99 46
135 167
30 173
174 60
119 168
4 46
84 125
100 70
110 183
52 38
116 63
199 92
197 168
126 103
64 172
139 9
121 90
58 107
147 110
81 42
184 61
168 28
50 200
141 47
144 200
34 132
76 4
20 32
133 95
200 118
107 7
97 118
194 200
128 90
52 123
146 22
135 6
187 15
191 15
146 157
182 150
196 164
49 15
12 51
50 4
20 46
104 43
116 103
135 101
33 56
54 188
136 88
189 142
179 49
101 63
68 46
83 103
180 172
34 4
171 123
62 14
88 51
179 109
133 36
70 36
141 46
29 145
104 105
119 43
8 177
182 78
136 84
96 197
152 123
160 104
179 95
135 13
139 171
65 89
141 189
11 23
152 183
9 74
39 89
3 25
184 182
199 84
133 178
39 102
143 129
174 131
170 121
14 120
69 155
197 121
34 171
3 34
19 46
176 175
30 74
50 120
194 49
136 175
199 94
26 131
13 86
109 108
189 148
50 110
196 182
29 70
176 188
72 43
117 102
114 91
26 136
12 106
174 81
175 111
131 41
131 49
91 181
39 18
182 49
88 118
91 80
6 105
114 60
156 82
127 168
58 163
131 195
14 32
139 200
12 147
144 26
10 194
184 155
98 140
141 162
176 177
186 18
39 65
199 56
56 132
161 179
145 43
18 126
82 57
83 30
40 2
34 103
176 102
138 186
62 194
104 47
58 74
64 194
126 2
26 9
172 103
174 104
193 26
43 187
199 95
87 139
156 179
143 164
137 51
4 154
180 184
128 94
58 85
1 123
88 168
198 95
72 22
91 154
161 4
163 129
124 31
53 144
161 102
119 179
78 113
126 183
130 150
158 44
44 86
196 72
37 150
176 8
66 26
167 172
108 121
18 77
67 187
180 153
116 118
89 25
56 118
116 145
7 113
11 74
180 77
41 78
147 90
55 5
149 4
122 79
180 181
3 75
75 89
35 173
55 36
41 56
99 38
164 46
66 149
75 166
34 182
114 67
170 25
199 35
17 149
144 39
171 84
135 33
149 192
3 167
34 11
146 25
51 15
4 70
171 9
119 84
6 59
93 96
49 90
99 67
107 179
110 52
103 47
39 73
174 81
76 43
195 140
156 86
133 187
3 32
158 109
151 27
10 47
110 185
69 160
109 173
163 100
148 70
107 198
9 70
160 122
106 75
53 189
24 122
71 85
66 82
166 157
161 171
18 112
50 164
68 99
145 182
92 5
33 26
29 54
147 167
173 47
96 44
142 70
48 30
54 129
99 177
78 123
174 195
53 123
27 70
117 101
89 183
94 57
171 122
19 22
33 125
133 57
167 162
157 150
106 126
8 78
48 117
169 147
68 171
171 195
37 41
195 49
17 186
133 151
164 175
167 154
146 74
76 43
139 32
152 108
94 47
156 182
93 1
153 178
16 125
12 140
112 77
54 146
139 78
60 105
11 104
45 51
196 4
99 101
18 21
111 200
186 152
50 183
137 129
6 100
12 188
151 79
160 31
50 15
69 5
184 79
69 122
29 25
53 193
116 91
141 106
98 46
17 44
182 164
163 154
81 88
25 118
163 68
185 38
49 173
131 92
89 121
33 77
126 15
33 1
26 37
180 21
66 153
66 134
141 152
93 163
98 86
131 82
12 56
179 59
41 166
156 26
117 56
12 131
83 45
102 91
161 143
58 148
109 47
162 32
175 124
199 41
151 170
6 142
26 194
119 70
41 70
75 175
127 125
181 128
189 185
167 178
76 107
73 70
156 10
177 90
19 198
184 104
115 51
23 150
131 4
188 50
165 103
197 178
102 101
173 113
133 97
194 8
170 132
141 17
76 15
39 1
21 5
95 47
91 32
149 33
34 122
147 103
199 81
117 179
165 84
192 41
174 81
163 130
92 88
7 123
10 114
12 26
27 74
85 79
189 35
48 98
111 113
93 37
18 118
75 197
44 187
34 145
151 125
135 31
13 82
6 84
192 177
151 84
197 110
140 74
98 38
145 56
141 23
14 136
158 34
45 160
45 8
199 89
150 36
57 22
161 7
60 89
142 43
98 150
13 43
69 185
75 89
53 146
155 113
24 54
148 178
153 104
161 94
180 148
85 157
114 95
107 143
161 105
84 57
194 27
102 125
169 18
109 122
88 187
133 148
1 152
48 152
96 88
167 164
186 63
75 165
87 143
116 84
106 79
194 181
134 5
193 99
175 70
112 84
1 25
165 98
170 36
176 157
158 89
198 157
10 122
58 79
142 86
119 164
192 129
17 81
153 136
196 31
176 139
173 111
4 124
40 195
161 123
147 126
141 13
180 178
181 77
89 56
181 25
64 177
103 23
128 105
181 72
155 154
126 118
146 150
12 177
171 46
78 22
58 38
71 127
87 144
55 154
149 98
88 177
81 185
72 90
117 179
55 59
173 121
133 112
117 37
10 172
83 141
169 177
62 181
100 9
62 81
75 175
172 25
10 125
162 23
91 197
153 120
89 16
29 70
69 76
143 38
135 183
190 154
157 21
118 21
87 107
138 54
153 154
96 136
17 168
96 84
18 127
138 135
12 18
158 169
66 19
92 80
196 147
143 57
53 57
159 25
130 84
43 47
144 154
40 146
42 21
125 150
149 163
108 129
126 175
176 124
86 57
66 2
198 43
126 190
27 15
30 56
106 128
189 55
29 1
103 9
60 95
4 74
53 69
73 157
181 22
145 38
156 26
64 127
116 52
188 44
66 194
51 183
143 185
176 151
115 168
111 22
167 88
18 172
83 50
58 121
122 121
189 97
181 99
192 142
96 122
189 125
83 119
110 47
181 5
198 200
55 52
141 153
8 191
99 22
144 84
139 133
40 29
39 124
161 26
146 184
39 175
126 173
71 5
156 186
4 2
40 97
112 155
55 195
196 5
40 25
162 77
17 181
117 194
17 90
85 173
66 9
130 86
107 28
108 86
144 88
93 39
144 147
48 73
162 166
141 188
52 4
186 34
152 30
87 42
146 128
1 113
66 14
162 154
193 155
37 1
69 119
179 99
196 105
197 70
3 125
119 116
18 183
144 145
144 85
73 200
20 195
167 11
185 61
109 164
24 141
76 191
70 32
17 123
155 120
126 200
149 5
87 51
29 165
128 15
50 127
117 113
68 102
134 104
144 145
75 110
165 143
119 15
54 11
144 155
171 42
55 149
117 126
6 185
164 125
76 145
119 103
55 9
159 1
149 61
19 162
96 173
116 49
48 30
179 182
165 190
189 26
173 38
75 11
58 172
12 152
39 123
17 81
164 104
188 95
96 137
159 2
144 3
23 157
109 7
166 88
64 117
39 117
148 104
8 150
149 112
33 187
19 172
71 117
73 131
99 78
199 104
134 100
64 145
136 185
102 46
147 106
52 124
56 90
96 28
19 33
164 129
131 21
104 16
96 99
149 153
26 103
87 124
71 99
169 100
195 49
8 175
37 70
30 166
24 152
38 150
13 9
85 191
127 61
40 22
18 37
65 113
88 70
169 74
3 175
10 48
173 79
97 118
51 16
73 121
117 165
56 105
144 127
103 57
158 65
103 21
10 21
71 3
1 5
163 155
10 98
197 49
146 151
137 148
99 80
12 105
24 59
155 127
180 195
108 164
182 154
94 150
117 63
39 2
199 108
123 200
190 157
99 183
109 72
108 90
149 41
19 49
45 63
10 47
163 132
78 94
180 142
167 136
146 85
138 143
176 78
191 57
42 23
40 131
198 104
141 41
109 47
196 192
137 32
82 70
153 30
117 124
147 143
174 154
34 160
54 172
38 36
85 111
81 129
37 91
151 21
184 151
114 165
176 96
156 59
182 125
142 31
101 63
24 129
139 148
38 5
130 111
48 56
142 60
153 63
55 4
68 80
107 1
96 131
50 132
116 32
20 47
91 9
12 39
134 126
68 80
163 32
106 175
172 84
45 172
162 99
169 90
54 32
19 15
164 127
8 28
105 43
48 81
117 198
41 80
56 15
189 115
31 80
64 33
141 49
140 5
190 172
61 32
20 70
176 110
83 6
149 131
199 173
175 94
19 165
101 94
168 86
162 11
141 183
141 16
69 165
188 21
74 150
11 31
105 5
170 79
24 49
96 177
139 123
135 61
176 20
180 46
34 173
89 42
126 92
48 126
73 129
127 2
48 21
61 200
99 154
40 94
168 94
35 145
42 129
112 28
111 27
19 52
18 96
138 10
81 185
117 100
165 177
33 80
67 60
26 108
200 113
146 92
143 28
108 28
161 177
20 35
58 102
99 173
40 188
157 28
80 132
40 78
91 78
174 112
49 82
6 122
119 162
140 46
107 80
29 6
24 125
42 63
48 50
73 150
106 118
164 175
162 184
45 112
190 198
176 59
34 126
108 70
93 28
9 16
44 46
169 160
124 15
167 2
133 72
24 200
193 154
87 43
139 59
128 198
115 47
131 79
118 90
68 15
137 67
8 78
76 70
120 9
34 148
158 104
141 114
144 106
33 118
188 65
160 182
87 36
50 122
101 23
46 21
14 22
138 43
115 22
13 164
77 30
33 194
187 5
12 65
44 175
176 147
1 178
58 25
10 131
152 130
40 31
39 172
76 198
117 91
95 86
134 75
176 104
173 16
145 89
169 184
116 89
196 57
117 165
196 36
156 151
102 101
75 108
67 168
17 178
48 101
23 86
68 124
177 16
12 14
117 148
119 125
179 94
85 22
117 181
109 104
20 192
61 51
55 78
156 173
147 72
117 115
97 170
112 170
8 86
132 47
138 94
142 47
156 188
37 100
49 177
156 48
48 122
96 46
61 118
8 92
11 132
110 86
114 154
91 152
162 91
199 116
10 32
174 60
96 80
136 173
199 170
45 127
102 13
142 43
44 84
135 127
149 132
1 85
48 99
100 89
167 65
9 23
84 43
144 88
83 149
20 117
144 195
194 92
29 111
162 96
104 61
122 28
109 164
159 22
168 28
61 118
85 25
194 150
6 175
69 63
87 36
91 136
157 5
128 187
165 183
75 22
146 105
65 56
63 28
162 150
18 200
99 200
58 195
160 57
120 43
25 90
161 100
12 78
144 122
199 194
54 31
77 171
142 59
146 142
96 184
188 8
102 52
124 79
153 166
4 150
184 25
86 70
162 36
194 77
144 195
139 123
45 155
82 56
11 190
87 31
69 1
87 5
68 21
183 57
148 90
131 78
8 57
66 53
117 192
135 98
100 72
165 80
24 163
92 56
77 98
106 5
180 11
197 8
110 200
24 183
144 123
19 88
189 77
196 104
87 80
179 178
44 198
193 79
64 154
83 160
12 185
54 51
137 120
66 27
63 5
174 96
134 3
69 48
107 160
91 127
55 99
181 30
53 8
35 136
33 124
89 150
144 16
18 165
112 31
188 148
45 102
198 104
159 60
110 61
61 57
108 173
194 51
20 194
116 6
161 26
100 113
155 165
9 59
48 91
93 119
196 129
192 56
107 179
78 38
186 198
185 80
11 124
174 25
72 56
94 63
149 23
1 32
193 26
78 47
135 52
97 130
94 57
144 175
45 131
128 190
31 47
102 81
184 154
95 183
68 57
159 101
151 105
98 74
12 82
55 98
181 200
159 85
130 122
63 187
196 182
63 56
20 181
158 61
183 21
114 7
10 134
166 85
66 77
76 97
66 36
23 36
173 46
156 47
59 178
96 101
62 23
93 140
164 168
187 129
188 200
24 85
189 104
33 67
171 104
119 7
6 94
24 53
64 33
110 168
34 102
159 22
1 31
53 147
184 113
156 191
159 111
167 21
101 27
53 83
166 191
114 16
139 190
111 51
151 185
103 42
171 74
83 163
168 80
198 170
116 187
192 124
29 30
138 48
135 56
188 8
109 80
46 125
153 157
60 56
85 185
136 8
42 72
60 86
149 164
80 121
166 32
144 56
9 121
149 90
92 16
174 150
199 187
49 89
68 47
109 32
48 89
113 118
193 83
123 57
110 150
62 200
54 148
98 16
176 164
104 125
159 99
52 200
196 100
68 162
149 182
26 98
127 154
45 78
180 11
136 49
23 157
10 172
169 13
102 194
87 99
139 86
149 4
175 185
97 44
17 107
78 157
39 15
64 185
10 197
130 123
170 98
133 5
164 74
197 4
11 153
173 111
87 114
152 22
137 78
83 124
149 172
116 112
114 25
51 28
1 153
83 175
141 75
166 118
199 92
85 43
6 30
8 70
141 142
20 185
20 111
166 22
66 1
69 83
169 94
83 39
162 32
102 157
136 178
20 42
136 101
45 173
136 27
193 74
20 60
35 92
11 121
17 82
149 113
39 80
161 92
172 170
190 103
140 123
66 81
94 46
45 130
194 31
103 72
139 46
44 51
139 22
149 2
62 63
114 104
75 160
39 35
83 104
73 187
100 98
87 170
6 27
96 140
69 54
4 121
137 127
110 170
41 11
159 41
198 127
190 84
133 107
114 194
109 121
117 185
93 10
109 38
134 180
40 82
80 32
149 179
37 179
61 187
158 29
156 170
92 157
45 128
106 140
82 79
176 191
39 35
65 191
95 42
112 152
143 101
72 36
7 127
40 103
11 63
33 2
174 27
41 183
7 195
73 67
185 74
161 73
76 55
139 118
67 28
144 154
127 46
152 166
153 111
167 184
53 167
176 186
50 178
195 164
169 163
112 15
35 171
8 111
198 86
37 181
186 117
75 41
151 86
176 151
141 188
135 143
3 22
148 42
152 31
137 22
138 77
184 113
71 28
115 118
115 183
69 113
42 129
96 155
20 114
4 79
67 94
126 192
99 129
149 89
149 177
76 119
116 112
26 67
93 63
85 4
17 21
196 26
59 90
33 88
162 47
75 101
40 85
161 73
93 30
12 119
39 36
91 9
93 4
188 5
33 115
117 86
42 125
192 113
39 197
51 36
99 21
33 96
4 187
176 154
66 105
160 57
37 173
35 198
118 79
45 115
87 184
77 164
88 150
3 191
40 200
194 148
16 121
112 46
3 129
141 196
1 190
197 38
134 143
180 175
117 36
167 136
3 113
163 36
188 42
106 95
172 182
38 63
128 127
139 50
83 149
95 36
39 45
141 100
10 152
147 43
160 86
156 179
69 82
91 99
189 113
11 2
116 197
6 43
102 81
171 38
20 113
174 4
29 88
169 47
4 127
91 27
138 179
162 118
55 19
14 153
155 50
65 70
148 130
149 136
101 70
158 4
152 171
134 22
53 139
59 132
159 179
139 4
188 166
12 111
179 122
160 179
156 74
197 61
17 113
18 198
134 74
180 195
134 187
159 98
87 73
143 157
40 31
67 118
171 86
29 155
139 188
165 23
11 13
40 188
156 152
167 8
189 180
156 129
193 189
167 68
119 32
30 5
100 31
160 181
144 104
88 89
14 166
179 110
11 187
18 190
160 47
93 120
64 80
14 90
58 173
12 138
93 17
106 63
117 175
165 122
197 120
134 4
58 101
176 70
69 42
112 61
156 192
194 140
160 152
14 200
112 82
27 36
20 9
170 86
119 65
135 157
45 65
6 165
169 79
104 118
163 117
131 57
110 164
144 18
163 1
67 43
169 108
55 183
58 166
68 162
180 130
10 192
144 147
3 107
81 43
6 86
134 145
75 157
64 164
8 16
91 105
92 129
165 172
141 198
180 62
198 13
87 64
99 110
40 113
143 22
176 177
181 200
141 57
88 22
195 105
87 5
159 104
139 61
50 101
149 155
68 50
6 145
13 47
66 34
181 200
138 118
135 55
65 63
93 131
128 74
93 189
34 160
34 184
174 78
156 109
96 51
139 153
82 90
2 57
169 197
153 124
87 140
50 25
20 115
159 177
112 98
101 38
10 172
91 103
117 9
105 51
74 105
96 103
107 164
94 43
112 11
68 26
96 130
106 137
144 192
115 65
155 198
138 137
26 184
45 44
199 73
162 43
197 57
149 2
152 9
118 129
182 113
114 50
40 136
49 157
159 160
30 86
110 92
170 46
19 172
86 150
190 30
12 99
12 140
17 65
81 173
48 161
14 165
55 56
186 200
40 117
116 75
187 22
192 109
39 98
181 187
54 194
40 25
169 84
98 113
52 130
37 51
136 173
25 86
74 51
199 178
37 89
159 56
40 145
199 68
174 73
64 173
50 101
195 63
166 46
193 192
83 178
20 19
39 116
195 42
141 172
119 106
176 118
74 70
95 38
166 95
87 147
105 132
34 143
158 118
126 91
141 178
162 177
128 153
186 126
106 31
25 47
145 183
169 120
71 180
163 164
155 8
50 74
141 42
17 124
151 125
66 78
58 189
19 102
142 31
4 38
40 92
3 57
198 28
107 102
77 61
60 25
167 70
151 11
176 72
33 28
126 31
99 182
26 128
106 143
147 140
29 131
117 89
78 111
186 15
54 103
14 38
78 5
33 16
146 136
20 80
108 82
119 116
48 113
169 16
193 25
193 179
10 44
162 26
146 121
110 200
147 37
192 145
134 145
41 152
67 84
131 13
68 198
105 57
112 118
139 99
76 20
142 98
20 105
48 184
13 103
189 60
26 81
164 123
141 100
116 183
162 88
18 61
26 157
167 7
159 127
12 58
87 80
67 16
83 103
169 13
71 166
99 86
146 155
198 166
18 188
119 123
97 118
196 110
137 70
175 27
71 74
75 94
196 89
167 132
158 21
18 182
31 36
45 126
194 151
55 105
156 164
10 195
147 63
137 47
23 178
101 168
55 35
124 86
136 8
30 52
199 111
29 47
53 119
100 120
39 60
137 198
98 89
179 57
172 86
38 61
45 51
114 145
1 36
51 154
41 187
141 114
102 98
67 118
77 63
83 39
73 105
96 56
192 73
45 70
134 13
152 140
96 42
187 32
196 31
86 36
159 166
44 122
20 5
169 152
102 5
182 36
10 152
148 70
109 9
94 16
19 192
190 157
116 11
65 59
3 99
95 21
155 72
50 166
140 70
162 200
175 89
12 105
3 148
167 182
100 52
68 6
69 162
98 86
153 46
46 129
157 113
33 121
20 179
116 187
1 120
169 73
102 170
162 37
193 14
12 31
103 84
112 13
17 183
37 150
106 150
24 155
168 70
176 11
76 34
85 132
95 132
66 108
158 77
151 81
73 145
26 111
195 177
182 21
131 94
106 125
160 50
126 136
40 123
45 107
44 137
176 32
116 151
195 80
173 90
54 32
193 160
12 33
184 129
189 113
64 74
17 64
8 121
37 77
132 157
71 31
190 150
109 104
65 38
105 5
71 26
45 96
151 132
135 98
67 187
9 27
141 98
170 86
48 11
26 42
161 154
135 105
138 9
17 11
78 157
162 9
132 57
20 81
199 142
126 80
183 90
197 164
128 118
104 178
192 92
135 44
196 8
160 129
176 192
107 32
93 97
197 57
109 13
186 171
10 152
64 65
83 1
100 30
93 127
181 191
17 33
4 51
114 122
144 22
37 65
177 121
19 103
54 188
145 155
146 103
174 17
101 187
151 11
20 172
68 6
93 4
161 6
137 61
169 113
25 43
48 65
116 70
197 92
91 70
167 2
196 129
12 118
152 28
128 177
91 36
37 185
139 191
192 89
10 129
167 4
40 28
52 78
50 191
24 109
75 108
117 131
163 181
189 77
26 104
8 182
188 9
195 125
140 25
172 89
4 56
100 182
93 73
192 194
41 42
196 122
106 98
48 101
126 30
114 146
26 65
9 47
142 121
41 9
100 152
25 187
78 98
155 90
60 187
143 72
17 78
140 105
45 157
138 59
45 1
39 9
14 89
26 112
164 185
17 8
103 127
53 157
34 47
53 91
107 47
91 67
138 151
131 2
4 70
174 74
93 32
179 171
132 154
83 35
29 51
20 120
131 79
100 99
190 168
151 59
194 112
166 140
119 46
71 43
172 77
193 166
186 68
147 120
134 16
187 32
146 179
118 21
24 118
94 157
147 26
175 21
173 61
62 164
20 74
75 150
145 105
167 173
189 183
169 41
80 25
189 112
19 111
133 146
158 41
189 131
48 14
44 170
171 23
69 136
98 38
134 148
91 120
161 168
33 178
44 70
41 61
53 86
197 168
3 42
69 186
76 65
172 2
131 86
134 28
114 197
81 57
62 148
181 183
137 25
137 59
136 84
193 133
161 36
62 28
147 185
194 31
168 187
200 23
92 28
26 183
37 86
84 36
131 80
162 104
111 95
106 121
39 45
162 6
40 26
196 123
192 118
176 19
158 112
138 195
69 82
97 94
124 98
62 25
185 56
71 172
4 9
14 61
41 4
135 68
172 38
193 132
14 171
194 118
184 120
76 166
3 125
191 101
29 59
195 104
45 49
75 88
92 173
60 164
76 48
182 127
92 123
146 25
29 13
93 185
186 96
158 71
67 60
163 54
30 200
160 80
29 110
106 43
192 95
172 168
108 200
64 32
54 21
20 61
130 47
133 65
41 94
153 104
160 123
37 95
19 140
180 2
138 90
135 131
141 169
10 19
24 46
157 90
147 16
31 154
53 189
170 61
136 191
180 106
153 89
96 60
53 1
66 144
181 125
185 28
158 187
8 191
64 108
116 64
106 2
107 164
49 200
195 94
189 77
119 153
103 111
148 178
20 115
180 82
137 148
10 165
52 4
18 104
166 57
3 33
192 179
27 25
26 89
64 101
84 118
14 77
88 80
96 99
39 188
144 3
84 177
109 25
36 90
97 56
93 86
155 22
91 105
3 182
39 178
100 184
10 48
151 31
144 118
10 16
159 187
180 68
185 32
123 56
44 121
27 23
189 112
182 183
172 175
196 123
144 151
184 150
44 111
165 88
139 64
30 173
58 166
107 54
96 112
3 107
24 104
75 188
96 165
104 56
52 178
161 134
161 118
163 115
39 50
193 151
95 94
189 91
135 35
168 122
170 127
158 194
129 90
162 177
93 199
95 22
156 115
126 82
14 125
64 140
139 108
138 132
14 109
147 154
144 153
98 15
189 183
14 195
42 46
84 47
96 37
97 153
64 15
126 4
110 72
170 80
133 5
69 8
138 179
91 52
188 4
136 7
98 25
24 97
35 11
197 9
85 57
68 129
151 52
170 150
110 123
80 22
43 70
58 100
45 146
164 15
83 75
117 197
166 104
3 61
180 16
156 133
145 182
196 8
62 120
76 98
39 148
196 70
139 118
112 80
29 91
55 85
191 94
76 59
20 109
179 46
37 44
34 47
144 79
112 23
131 1
158 9
7 108
40 59
188 103
24 196
170 79
64 16
77 52
147 192
76 161
40 33
50 124
87 38
12 176
68 26
30 122
93 94
20 118
83 106
89 16
171 15
194 129
196 112
115 59
167 1
63 36
71 41
37 8
28 154
17 128
33 101
42 200
139 80
58 32
99 63
197 120
40 61
155 173
62 200
119 92
136 98
59 94
48 7
93 21
109 198
68 151
58 9
75 122
144 32
97 185
31 177
159 147
78 191
4 27
162 46
11 70
135 14
62 36
116 125
162 173
126 185
31 132
135 100
156 153
136 166
85 82
87 160
58 6
12 86
37 80
179 5
181 115
56 22
169 34
41 78
160 82
137 9
184 113
155 4
153 23
102 110
19 38
3 31
106 29
19 13
8 191
156 64
193 175
40 172
132 16
4 38
58 52
145 49
37 113
11 95
78 122
135 111
110 47
194 30
134 82
189 168
59 22
75 82
14 41
41 142
181 190
182 104
160 28
178 15
153 130
75 21
196 175
147 163
3 107
91 35
8 70
71 4
84 150
108 166
83 123
176 120
91 23
56 79
91 43
135 108
19 155
38 28
111 63
75 120
53 189
115 89
93 154
193 62
33 52
13 123
149 124
155 150
102 72
97 67
64 92
167 67
155 41
74 43
53 34
149 65
141 25
67 47
141 78
26 150
95 70
93 40
37 78
24 85
62 137
144 157
167 123
194 152
145 184
188 120
44 120
58 77
68 112
66 63
161 50
128 30
134 96
35 165
30 101
11 25
141 149
10 175
156 162
158 90
182 140
156 59
42 154
20 89
91 80
106 187
48 54
76 148
9 28
8 92
158 37
60 28
12 80
101 59
134 64
138 71
80 178
9 101
103 111
87 46
10 89
175 191
1 65
189 54
48 157
12 78
167 179
149 182
193 175
146 187
179 111
152 67
53 143
198 168
24 200
169 160
200 90
171 67
128 38
133 164
144 158
198 171
114 97
87 157
141 142
18 120
75 59
165 132
136 98
165 185
18 74
176 190
99 38
18 13
24 67
108 4
84 49
50 30
112 129
96 115
135 198
152 136
6 191
29 23
100 77
143 148
167 60
144 54
152 89
10 34
80 72
156 2
87 8
180 198
156 104
17 152
184 124
55 137
199 165
199 131
110 4
197 121
162 35
149 132
48 72
40 62
143 46
116 157
66 77
12 10
53 93
124 140
164 70
18 85
27 157
64 56
172 4
20 177
11 99
160 140
153 94
174 75
87 153
159 177
186 197
183 15
188 4
184 60
77 84
45 67
164 183
48 106
56 132
97 21
72 28
186 149
8 103
68 85
71 14
158 151
71 46
189 143
153 123
117 132
165 168
68 175
39 161
54 43
134 114
161 119
55 10
29 184
138 125
88 25
135 107
115 175
100 164
50 52
149 109
144 29
34 122
83 152
100 63
84 57
199 60
75 49
7 63
102 9
24 26
144 124
100 152
43 86
192 26
131 122
93 112
9 46
196 11
163 47
134 112
157 178
139 54
53 80
95 125
131 101
12 109
160 113
134 96
145 13
19 122
110 67
156 168
134 109
33 188
161 95
69 114
97 31
159 71
19 57
194 112
37 13
163 168
151 72
189 16
165 110
50 13
55 136
198 15
40 96
102 123
163 7
6 80
52 46
52 9
14 99
159 73
196 137
112 92
93 3
174 99
55 136
137 16
11 80
66 65
96 56
83 21
34 41
66 42
126 148
67 2
24 19
140 89
185 15
107 73
58 140
24 114
48 23
144 90
93 62
39 85
87 129
100 124
156 109
24 60
13 125
107 160
7 46
12 89
51 22
134 84
186 32
26 72
19 136
66 92
92 56
132 43
6 38
117 184
196 117
11 173
19 29
114 102
34 41
160 49
190 49
6 109
39 29
7 200
136 79
48 1
127 187
106 178
192 54
67 105
75 30
44 200
97 60
161 173
116 65
64 132
17 88
112 65
176 40
147 94
10 170
107 177
112 142
96 32
109 177
144 33
189 129
76 118
115 122
151 67
83 125
20 172
161 148
96 6
156 2
156 182
153 130
97 72
189 14
58 122
189 21
71 164
20 42
71 98
142 94
52 121
194 145
160 42
52 85
10 75
131 74
14 25
165 36
166 125
20 15
51 32
172 51
50 109
108 22
176 106
13 200
135 10
39 114
33 118
69 176
156 82
172 95
33 120
58 80
28 32
107 100
189 18
93 51
99 74
81 187
91 165
119 199
159 70
180 5
107 115
162 42
66 85
58 151
143 127
39 165
149 163
164 101
103 72
64 127
195 88
84 187
112 13
170 178
50 21
96 94
24 139
4 118
97 121
109 59
73 97
172 9
148 80
163 143
48 60
66 55
189 98
119 74
106 115
54 173
10 9
87 36
181 7
169 102
138 146
149 124
74 150
29 188
162 78
139 34
26 8
31 200
159 102
109 122
55 120
3 4
110 195
38 90
184 130
58 114
189 154
24 119
53 151
17 108
76 20
115 200
174 173
53 1
10 32
64 110
34 109
33 74
102 2
83 181
102 74
45 92
139 110
92 113
114 107
66 108
144 155
136 123
128 25
131 185
169 166
2 200
10 63
200 15
168 57
20 160
55 146
120 166
24 30
184 88
163 103
6 191
135 98
103 25
94 21
9 32
61 132
10 75
24 138
175 157
188 181
83 46
190 142
29 80
138 109
64 111
34 171
137 121
133 162
95 5
39 176
196 31
87 22
91 165
73 11
45 110
196 136
107 197
145 123
194 41
53 186
45 108
89 51
106 42
163 143
75 70
81 115
40 109
1 190
66 165
18 28
55 111
75 164
174 191
130 150
194 170
53 142
151 113
92 90
33 183
69 98
186 91
138 15
69 57
65 5
92 173
176 175
6 49
186 165
19 61
40 30
172 67
44 151
167 45
144 166
93 92
144 64
181 16
136 111
66 119
87 152
156 72
39 62
14 166
39 17
168 187
58 59
67 23
172 49
140 43
25 118
60 23
143 86
17 78
83 120
182 22
193 129
11 61
65 27
54 143
1 183
140 42
55 7
144 196
7 118
166 23
44 31
186 130
199 139
133 108
33 172
109 85
196 113
89 187
131 98
102 42
146 140
144 103
86 118
101 74
168 80
18 38
55 180
117 190
176 147
91 200
10 132
106 179
192 47
137 125
175 191
147 81
159 131
108 185
180 51
181 173
62 75
144 44
189 170
141 116
181 67
185 43
138 82
89 32
53 166
107 5
50 63
144 137
92 51
145 51
138 106
71 16
158 13
172 136
19 41
54 164
117 112
143 43
196 200
139 123
112 46
176 136
184 172
24 169
199 11
126 86
76 9
133 34
158 40
171 118
196 57
149 33
194 86
7 36
17 19
100 94
4 43
100 191
176 71
188 27
167 1
165 175
17 127
181 84
162 188
173 104
176 187
61 23
175 43
171 182
61 121
133 104
35 70
45 155
91 164
67 185
126 110
69 121
176 86
68 21
12 127
151 90
196 195
159 165
44 77
138 190
18 84
18 84
65 123
77 70
96 23
109 21
73 81
22 154
58 153
167 65
97 171
3 110
53 48
109 57
184 136
189 14
180 143
44 86
99 108
169 6
3 130
158 2
103 191
99 105
165 185
24 3
145 15
141 64
158 102
138 133
100 42
20 166
37 177
128 92
50 172
33 4
14 61
91 80
48 105
188 21
165 63
146 8
188 122
92 191
148 150
145 178
167 56
185 168
152 22
196 127
137 15
200 47
87 57
39 18
85 170
153 98
169 149
186 36
160 94
180 160
156 137
76 199
4 31
56 43
180 114
138 157
131 123
76 194
44 103
78 101
180 160
142 2
60 140
20 15
184 77
158 122
10 190
99 108
119 98
1 105
199 43
107 153
1 137
194 200
39 94
60 52
162 74
113 22
89 86
193 186
147 90
69 38
92 168
10 2
77 90
138 123
69 107
31 168
72 79
144 13
54 92
3 181
14 85
158 62
155 43
183 79
23 51
155 195
174 54
102 175
24 141
106 177
31 94
156 27
100 105
50 111
124 38
131 44
131 140
155 168
189 3
165 125
17 43
156 108
146 136
7 21
153 90
58 14
35 80
8 105
91 47
135 133
76 176
15 36
93 84
29 86
1 88
176 185
65 90
87 164
196 4
161 94
133 56
169 110
29 102
53 167
39 168
109 122
1 22
76 6
199 133
99 47
166 98
30 157
92 90
65 36
37 52
160 61
109 157
197 30
141 190
89 173
188 65
145 56
185 56
74 105
18 67
34 172
130 113
58 9
48 194
143 183
143 168
108 70
76 133
196 137
72 74
110 105
83 91
149 27
45 82
10 196
14 192
60 79
53 161
188 21
165 22
34 38
194 70
175 47
181 129
71 123
40 115
149 146
96 131
97 25
84 2
126 32
12 21
65 23
166 15
39 191
63 79
138 2
147 175
14 27
181 61
46 157
146 2
166 81
64 37
58 22
41 166
174 114
33 187
133 129
173 38
133 172
50 98
147 26
35 103
42 16
193 2
197 80
69 194
103 90
69 173
105 125
62 81
33 7
130 113
171 105
10 92
40 1
114 25
137 13
17 61
141 96
19 142
141 8
50 166
107 168
76 109
170 59
138 161
163 124
24 170
147 57
12 103
125 36
96 42
148 125
149 154
117 25
11 110
159 56
84 124
54 152
149 36
124 177
45 191
156 79
102 129
186 132
117 13
193 89
88 56
103 88
164 157
14 191
67 124
189 142
158 13
134 180
23 121
135 173
169 22
45 78
116 52
52 4
69 150
173 21
103 49
168 125
132 70
149 157
12 13
116 123
126 165
134 132
107 190
199 65
153 157
161 3
34 187
198 22
197 79
155 74
101 157
29 166
59 104
69 84
1 146
167 162
158 56
138 55
66 192
3 100
73 49
142 94
19 56
18 37
42 90
12 166
76 19
117 154
126 4
199 50
182 59
52 105
40 64
199 36
145 171
191 113
159 8
71 25
46 74
172 108
66 96
136 32
48 82
26 63
107 78
169 117
41 148
146 77
160 129
163 173
94 47
20 52
141 151
100 49
33 2
146 182
124 80
30 85
117 30
164 170
29 112
33 5
114 41
149 2
26 128
53 106
156 176
6 9
20 62
188 184
3 100
44 113
20 166
53 52
88 89
116 187
14 59
73 103
199 132
59 47
26 56
190 178
174 151
66 60
18 99
3 30
108 4
135 163
63 5
120 81
71 22
162 26
18 162
138 167
108 16
114 126
33 97
58 155
95 15
145 23
199 183
35 197
171 177
87 77
176 179
157 70
144 50
65 36
153 82
34 164
83 140
126 15
197 132
39 155
196 119
174 43
116 113
111 80
106 13
52 84
63 28
106 154
33 111
167 45
4 104
119 34
19 50
153 78
160 23
165 136
114 128
66 140
62 25
78 132
76 125
15 22
189 102
141 176
175 89
181 57
186 27
169 160
163 152
19 132
73 80
50 122
55 52
196 128
50 132
12 34
11 82
117 185
191 72
20 162
29 148
174 164
65 177
115 200
192 122
117 137
172 111
24 71
143 59
194 88
48 97
93 162
10 89
107 81
48 112
31 23
134 5
7 175
199 89
54 67
87 10
71 7
88 150
135 4
82 74
131 42
169 14
141 44
41 63
55 10
69 17
95 150
188 140
81 118
171 56
71 9
187 21
63 125
186 181
166 177
153 57
1 2
19 44
144 38
6 198
34 31
127 88
50 166
73 102
29 165
39 179
81 101
111 86
185 51
162 155
98 125
41 166
50 103
161 45
34 165
58 186
19 43
76 184
83 182
159 96
98 15
7 56
75 185
91 60
183 25
73 78
188 137
180 137
95 187
99 38
35 4
161 91
100 61
29 11
147 52
169 13
55 51
11 152
169 49
196 13
20 38
87 132
110 8
9 88
163 18
135 56
145 197
148 15
12 188
18 128
64 162
167 145
15 47
186 1
144 184
189 39
141 61
73 166
158 179
149 47
72 28
170 200
165 164
196 14
19 42
3 6
103 23
87 70
29 79
58 26
11 31
198 191
43 118
109 84
27 178
66 190
199 54
1 32
158 139
197 47
193 174
71 26
172 118
186 61
153 175
185 98
19 129
99 154
7 148
37 79
38 51
89 90
51 28
141 183
169 126
99 118
29 154
92 129
12 156
81 101
14 92
16 154
131 8
89 36
100 166
39 155
147 178
192 109
169 157
60 177
131 111
165 13
166 22
62 49
107 56
106 170
11 120
40 147
179 88
39 64
188 2
76 166
194 191
189 149
55 114
116 140
48 23
14 166
39 74
87 184
156 146
93 197
1 85
8 23
34 2
121 125
19 195
15 79
137 32
54 151
38 22
171 143
197 2
41 197
197 109
188 9
91 13
107 109
192 91
110 51
153 182
128 115
133 14
134 140
112 46
196 154
148 123
133 132
138 170
144 44
82 170
26 74
14 172
109 60
39 153
171 101
160 27
6 140
103 57
195 185
105 177
95 51
66 10
17 38
152 108
66 112
149 14
158 151
12 197
156 75
114 120
58 56
180 109
13 118
69 147
116 146
156 107
106 121
182 177
160 182
54 42
29 188
33 51
64 113
53 55
97 112
116 8
76 102
54 92
174 60
181 115
105 150
167 117
58 22
40 106
186 111
138 100
174 82
174 81
4 21
155 42
97 98
61 178
87 60
195 21
199 19
144 7
144 175
149 9
107 102
186 62
200 70
30 81
180 172
156 163
6 90
64 166
156 129
60 121
106 181
192 157
97 44
13 113
81 43
89 90
181 15
77 78
62 42
114 59
36 154
159 179
109 150
160 31
55 157
199 28
102 125
163 145
159 97
48 129
199 77
10 29
147 124
96 67
167 197
77 21
67 74
30 108
71 134
152 127
93 91
148 200
147 184
153 38
127 38
156 140
114 50
189 132
93 116
52 21
18 133
20 5
186 18
139 97
176 84
184 178
186 106
196 175
10 50
140 16
182 88
50 154
184 115
126 113
141 177
14 197
55 145
174 10
104 43
167 98
174 120
17 161
191 15
33 130
170 15
53 59
162 65
3 54
186 35
22 154
161 95
84 61
19 172
138 80
190 98
66 146
103 191
37 122
110 111
40 105
29 103
115 74
131 184
114 72
146 132
114 56
156 25
139 101
156 116
45 194
186 86
58 88
48 102
146 47
162 94
10 195
143 79
24 105
134 143
151 81
33 146
77 16
23 79
17 65
192 70
159 195
167 145
164 5
98 200
83 160
134 188
156 145
196 1
33 80
124 178
156 9
66 193
137 105
53 88
3 151
167 106
142 191
114 90
123 2
17 125
83 170
48 72
120 30
106 118
131 171
117 91
14 142
20 77
146 111
75 30
45 140
48 169
156 15
179 88
169 26
134 185
10 5
156 182
193 141
192 111
83 171
44 21
194 70
65 150
24 85
140 47
97 122
44 41
168 129
78 15
44 32
188 50
199 139
163 36
107 46
168 23
124 38
62 97
52 57
152 178
177 86
7 142
141 11
99 118
174 125
176 98
123 38
184 148
175 59
68 197
182 80
200 187
94 79
93 34
128 101
76 183
69 43
115 123
171 124
159 88
158 139
31 94
106 137
8 85
53 28
69 72
38 28
194 8
135 179
7 104
37 157
189 74
83 165
77 90
100 173
172 183
43 129
196 122
29 50
116 166
138 180
41 31
131 122
39 192
34 188
93 36
116 111
106 96
93 97
44 77
170 113
141 102
162 80
156 115
37 21
24 50
106 7
83 98
119 139
14 60
99 183
181 61
31 16
195 132
151 11
137 94
99 74
133 121
158 140
32 22
91 155
100 198
102 57
4 27
37 90
7 82
143 82
139 102
76 154
152 90
145 70
58 149
46 154
126 131
161 68
1 172
159 26
83 30
100 171
166 177
10 195
52 57
20 40
18 145
95 47
192 92
166 148
3 152
66 184
87 187
82 5
9 140
58 173
93 171
174 27
9 61
97 123
119 96
45 152
53 105
54 94
65 46
114 42
196 109
119 180
24 75
93 124
77 52
93 55
115 63
99 129
73 115
9 70
13 7
30 129
110 49
9 123
182 21
190 32
112 105
19 35
130 84
153 183
167 98
17 124
126 78
147 136
135 132
87 194
183 28
9 36
199 170
73 42
20 175
48 112
155 95
49 105
108 113
117 181
141 6
104 70
84 177
114 191
71 92
158 120
2 43
68 81
136 84
53 133
102 49
191 101
128 15
109 165
58 97
83 51
148 127
17 3
155 80
116 43
48 186
102 51
55 198
156 25
52 47
48 26
6 5
139 140
114 91
87 176
168 70
131 90
20 54
4 185
39 155
193 103
189 5
181 65
87 33
112 127
193 144
45 65
88 123
114 91
93 98
66 158
147 19
62 175
109 143
69 109
196 45
6 136
102 171
189 111
76 49
20 6
176 157
188 171
114 85
98 118
91 182
102 179
58 7
98 183
6 184
40 6
159 158
73 129
170 111
106 148
140 43
81 127
141 34
33 195
61 90
196 130
40 191
64 43
171 23
69 1
165 46
103 143
39 32
179 56
69 1
116 95
162 14
25 187
117 75
64 113
56 122
172 178
55 13
24 69
194 21
76 80
174 31
181 46
169 97
188 195
181 175
170 95
26 101
10 113
140 42
179 136
149 119
133 124
103 191
93 49
87 41
149 106
186 136
30 101
176 46
29 188
149 175
68 73
194 108
139 168
145 86
35 23
165 94
95 72
149 51
127 118
45 19
83 172
161 97
172 2
33 120
87 147
41 125
14 100
108 79
117 140
66 17
159 129
169 142
139 80
163 19
45 49
194 65
171 187
50 150
34 120
144 185
48 49
10 162
16 22
60 101
179 183
48 50
167 72
10 51
14 183
83 8
24 34
134 96
130 101
93 102
1 127
188 129
3 11
106 100
174 88
137 130
39 104
98 95
136 72
11 164
92 61
40 67
43 57
64 60
25 28
62 38
197 78
167 117
106 190
13 191
93 141
53 89
196 130
163 108
171 61
174 78
87 192
141 144
133 170
76 134
167 34
165 98
189 4
199 128
54 78
83 56
96 41
166 148
127 86
156 165
24 157
58 162
179 104
53 61
142 118
64 192
153 25
29 132
152 23
64 103
71 145
196 197
186 172
193 55
167 23
14 54
65 72
181 123
66 26
134 173
162 185
27 74
92 25
152 70
161 109
91 145
83 179
125 36
193 186
185 51
44 132
162 59
190 113
188 56
37 160
52 89
77 157
195 49
40 34
136 164
89 95
64 200
99 101
114 1
52 115
45 63
77 38
77 88
169 44
114 172
133 153
26 143
170 104
141 103
134 94
51 113
184 108
194 198
196 115
11 59
165 57
7 164
164 86
91 183
64 34
5 154
146 77
82 56
172 101
48 32
155 80
121 79
164 46
186 114
145 101
175 25
89 5
132 25
62 198
75 30
78 86
41 122
194 60
175 173
11 90
181 175
108 23
193 9
164 46
26 130
139 84
161 187
11 47
144 117
34 30
145 128
113 5
42 46
167 72
11 21
142 154
176 148
199 37
198 63
159 167
147 199
84 89
149 155
17 96
163 30
186 45
137 197
142 52
20 68
53 191
112 4
174 143
173 121
79 22
124 72
180 27
189 22
111 28
147 36
48 153
131 46
55 160
33 140
196 111
113 43
163 37
197 127
103 81
13 52
163 114
147 150
189 176
58 47
48 75
69 163
136 118
50 59
20 61
44 175
117 146
58 108
106 52
197 60
97 94
197 118
110 198
190 187
64 108
103 104
77 80
67 78
66 49
190 49
183 5
195 57
162 63
68 94
77 157
62 184
156 140
51 118
44 72
189 7
30 60
53 117
50 127
96 36
96 38
179 5
82 43
103 154
93 112
18 88
104 47
48 137
100 89
117 21
16 70
30 13
147 1
159 70
112 197
70 15
166 82
188 132
83 14
59 200
39 99
158 34
18 170
106 111
93 36
197 132
161 33
100 86
48 101
143 191
189 124
1 190
141 157
193 96
134 185
7 52
161 160
19 32
31 183
126 16
175 22
188 7
148 182
133 90
114 172
73 102
136 187
55 154
48 19
169 161
148 2
35 11
62 194
158 115
66 56
41 164
166 61
186 89
126 9
160 98
116 90
107 197
83 56
97 65
143 88
141 56
78 38
153 108
131 183
161 119
136 74
75 74
75 140
115 118
83 29
139 200
101 38
161 143
93 145
128 182
166 175
55 154
167 191
112 182
64 31
184 197
45 110
17 199
131 15
34 88
163 114
98 2
77 111
159 166
59 90
91 86
25 187
113 118
35 145
189 179
110 86
176 170
52 92
101 80
73 46
131 21
87 104
92 132
195 42
35 140
53 105
31 95
58 146
189 125
196 152
12 61
155 172
100 43
138 178
68 195
163 60
167 139
74 51
147 116
186 108
162 4
102 85
199 81
11 182
7 140
18 183
173 70
113 57
143 185
124 47
127 32
97 140
83 123
80 183
145 190
189 106
6 63
107 197
162 52
163 192
56 32
113 22
61 118
34 8
158 181
69 98
35 143
10 171
1 21
174 101
48 179
67 168
27 80
200 125
173 32
156 19
174 183
163 153
157 15
176 129
197 127
135 154
45 21
91 168
92 27
139 183
135 129
136 43
176 36
40 109
12 3
48 139
69 3
114 192
59 61
91 57
128 42
116 160
179 90
119 18
151 127
92 90
194 67
107 14
96 170
87 1
58 11
59 2
110 187
102 168
74 28
186 139
42 36
121 154
40 153
158 77
139 115
102 72
127 98
180 11
62 190
67 195
169 116
84 21
162 74
196 36
14 140
33 70
174 39
34 49
152 177
33 166
184 92
83 78
83 173
127 22
30 25
106 27
127 132
8 157
163 194
64 70
165 72
174 83
92 129
192 164
159 148
144 190
19 35
71 101
44 84
26 16
37 82
75 107
180 38
108 164
83 139
146 59
27 5
64 126
64 35
2 177
49 157
186 121
141 85
30 143
155 190
96 118
145 95
96 46
156 5
104 70
64 142
83 133
155 25
92 9
100 8
44 22
18 187
144 86
77 84
197 57
147 110
64 81
143 23
33 5
152 9
14 112
108 28
159 73
46 51
66 118
137 72
149 19
127 90
95 72
174 168
131 124
75 56
84 121
116 122
200 154
69 183
192 52
151 50
37 127
39 148
185 111
69 127
156 160
165 74
106 130
193 23
138 96
119 37
197 171
167 155
94 43
4 79
161 34
13 129
96 165
179 142
147 101
51 113
50 16
133 61
145 92
73 122
53 152
141 152
81 115
134 3
138 177
167 171
149 191
162 146
141 126
148 132
68 9
85 200
53 34
194 150
107 1
3 121
20 157
143 191
190 101
1 5
59 2
71 57
133 56
62 72
149 128
29 91
140 200
68 153
31 105
159 132
64 183
149 30
64 72
17 134
186 92
45 91
34 43
160 145
40 137
159 50
76 195
97 142
60 84
117 79
194 41
7 177
46 51
174 91
116 175
48 91
40 102
69 169
134 14
101 57
131 74
88 36
17 183
189 17
3 82
191 157
186 130
182 88
133 187
176 104
50 183
184 115
102 97
1 15
6 197
116 120
39 158
102 65
103 148
24 68
147 130
12 113
176 41
186 35
112 151
30 52
62 195
115 59
26 77
156 88
29 157
188 166
141 161
119 72
177 51
160 121
18 175
73 38
147 153
106 13
14 89
162 105
18 25
148 51
24 129
134 181
99 94
119 97
51 79
197 198
96 143
62 112
159 118
174 106
94 80
87 161
37 77
196 170
193 135
165 63
51 113
41 8
186 6
155 123
39 153
147 109
108 142
33 112
23 150
138 4
81 118
83 178
3 165
148 168
49 118
133 16
76 45
48 50
119 65
20 67
124 57
196 74
49 63
146 86
69 59
182 36
65 22
106 15
9 15
155 121
18 153
39 129
71 43
75 51
66 80
133 44
7 85
93 10
145 5
58 23
161 49
76 89
67 89
186 50
48 67
102 101
69 142
94 72
197 52
171 85
144 5
160 188
108 121
147 13
75 145
96 70
151 82
112 82
24 186
4 82
45 198
51 22
52 5
39 199
27 2
66 141
153 4
153 123
138 121
45 72
175 2
164 132
119 147
46 56
190 121
1 92
190 56
174 79
87 148
117 78
21 47
107 30
180 152
73 47
148 177
43 178
46 183
29 14
41 179
54 191
50 177
83 185
24 72
96 1
33 98
84 22
49 25
40 197
193 148
93 25
135 144
41 110
48 131
122 187
48 154
105 129
112 115
106 153
102 152
73 90
9 104
96 129
64 22
173 150
116 16
1 38
18 86
60 170
196 79
14 153
54 131
93 196
63 25
102 128
188 44
98 168
52 101
60 15
162 181
83 120
195 42
3 54
50 28
30 136
190 52
10 134
159 25
35 182
134 191
97 36
100 101
57 28
56 178
71 46
109 7
20 148
103 47
131 145
76 124
50 32
116 8
116 131
120 94
172 125
108 4
184 183
77 113
17 96
176 107
138 61
175 105
134 22
45 100
117 27
78 157
3 63
102 7
71 123
76 46
112 80
181 183
176 8
169 29
115 51
127 154
17 136
144 11
91 94
120 63
164 185
173 95
169 84
26 160
17 28
83 80
17 151
51 157
198 122
196 132
66 104
194 127
142 88
109 140
40 67
112 49
112 115
93 200
51 70
190 103
14 49
92 32
133 190
189 150
125 79
40 136
156 101
172 30
26 65
52 92
142 191
188 21
181 9
99 172
53 80
14 46
62 9
81 15
39 91
53 82
24 22
108 43
158 145
3 127
135 154
59 63
180 95
1 105
153 105
174 13
41 154
60 38
18 1
50 22
194 103
116 14
103 122
175 173
84 57
97 112
162 109
67 98
160 16
141 123
24 60
20 1
67 113
156 191
199 172
163 61
141 9
62 30
27 5
48 167
59 74
100 122
193 20
179 59
55 160
49 123
174 101
6 195
3 167
141 25
126 16
165 175
196 183
48 184
82 46
134 25
149 130
198 8
96 172
30 8
20 195
59 178
109 77
193 4
124 98
191 25
163 140
55 16
94 72
91 85
134 63
3 185
41 21
87 147
17 84
194 198
10 57
143 187
197 74
116 124
54 152
197 65
185 79
62 45
42 46
163 185
188 183
41 67
100 120
112 8
1 90
170 23
126 96
139 109
31 23
106 95
13 88
192 148
29 61
59 22
87 82
116 16
17 99
122 118
87 145
164 2
116 118
38 47
136 23
110 132
176 22
188 105
33 171
63 157
117 120
141 22
75 184
50 85
174 54
198 81
169 150
37 143
91 182
102 77
122 178
71 65
187 70
37 184
53 183
117 110
95 28
58 15
73 30
97 38
135 159
146 123
31 56
68 153
45 103
17 3
71 136
40 97
135 50
40 25
139 50
88 183
10 145
107 70
14 197
3 61
131 172
81 127
181 120
110 166
114 62
18 60
106 150
35 105
116 2
171 127
153 57
68 123
162 182
123 25
56 121
163 132
31 70
156 172
174 67
66 193
12 61
190 170
112 143
46 72
134 117
24 1
82 61
137 25
140 43
100 89
94 154
71 2
31 173
115 129
14 112
193 13
50 52
125 32
181 191
135 94
62 14
66 167
6 78
48 5
133 38
169 178
167 94
135 151
156 2
59 125
9 175
106 181
1 32
34 95
188 154
197 82
44 105
34 36
138 168
77 168
33 44
17 126
143 182
12 125
174 94
35 191
137 110
139 25
139 84
128 129
88 86
76 122
10 9
77 108
176 79
81 88
103 70
58 113
152 173
64 200
199 128
37 197
133 26
119 173
141 152
156 43
174 178
148 85
30 191
76 186
27 80
110 182
109 8
128 27
171 67
40 75
167 125
133 42
55 104
41 94
6 132
167 166
45 59
87 103
197 32
68 107
100 146
198 154
170 129
175 124
95 25
158 59
35 65
153 38
180 77
180 36
66 1
195 182
102 72
135 112
12 108
76 163
102 77
61 15
200 183
28 79
9 22
2 57
169 8
46 157
49 21
133 72
83 85
8 90
142 74
189 13
169 81
55 165
99 2
19 121
116 44
52 43
99 63
41 2
172 150
139 57
115 104
93 16
195 121
6 190
144 92
102 194
140 101
29 168
37 77
64 11
45 29
176 102
169 84
66 167
84 65
44 78
10 4
66 173
67 200
159 183
18 142
120 57
11 95
76 161
147 125
89 129
34 168
35 101
83 148
63 183
141 176
116 60
144 183
107 172
45 37
64 160
12 192
106 177
76 80
149 13
53 49
139 110
117 65
85 61
158 18
163 94
144 52
112 172
45 63
200 122
181 9
17 160
66 139
59 16
131 125
161 38
96 84
103 51
141 2
127 154
112 130
97 46
199 49
67 124
174 111
141 127
97 51
106 110
110 78
24 63
55 149
179 85
194 25
169 36
144 173
140 51
26 146
6 79
163 120
176 56
24 175
64 75
18 107
108 60
114 75
30 183
64 171
142 80
116 104
162 164
132 70
196 26
116 25
67 157
61 86
179 38
153 130
189 39
96 145
147 44
119 180
114 56
199 109
158 104
156 166
49 22
149 61
171 23
75 200
197 125
183 28
76 111
14 5
75 13
62 33
169 140
164 59
106 73
12 103
24 142
26 52
181 88
93 26
6 81
1 72
188 197
53 143
7 23
139 49
137 195
156 163
40 75
78 177
87 126
106 36
24 43
45 16
146 49
84 9
190 148
65 86
41 148
14 85
29 32
130 122
106 61
53 121
118 150
160 98
96 30
123 36
181 104
104 86
141 171
102 142
176 166
95 38
37 112
155 108
39 81
196 198
146 31
29 78
77 191
176 41
102 148
160 168
60 187
67 92
34 122
24 63
63 86
109 82
3 165
4 111
139 162
114 70
140 88
1 113
172 23
130 90
114 127
80 51
23 154
179 182
153 129
149 22
165 56
145 195
14 112
137 125
142 49
196 192
133 23
169 91
133 95
13 183
10 101
83 187
196 179
33 2
112 25
138 102
172 94
103 57
128 46
75 60
103 104
98 32
105 21
103 143
186 38
194 155
127 105
58 150
13 88
93 82
180 73
162 89
50 85
176 59
197 121
80 2
24 176
91 115
101 2
17 186
189 152
134 172
71 171
18 101
33 129
12 177
174 175
59 105
7 111
166 60
4 150
53 170
87 49
176 110
53 39
121 43
39 192
26 36
12 21
95 2
173 36
144 113
144 39
117 92
139 6
52 43
101 42
11 80
77 185
148 65
87 51
176 34
64 30
136 85
125 5
116 171
10 79
109 175
179 59
30 81
174 139
64 133
173 22
135 84
68 70
106 21
184 148
103 63
173 105
151 115
106 185
10 188
18 95
148 132
76 15
49 183
112 179
158 8
35 98
137 72
159 121
29 136
61 28
91 109
159 142
98 16
199 153
66 72
99 173
24 93
192 81
24 13
161 67
188 22
33 118
145 166
60 89
11 172
102 191
115 51
196 30
37 22
103 125
34 142
114 148
11 15
50 27
193 133
45 192
145 15
53 188
10 17
193 88
137 190
172 185
117 89
189 15
53 55
4 57
6 111
11 2
75 23
156 83
42 177
170 111
50 46
104 187
148 195
167 146
39 192
167 27
78 36
141 91
75 4
92 90
171 121
162 29
6 94
133 185
196 118
139 54
108 85
167 38
186 175
35 30
158 177
139 5
141 14
100 127
126 160
64 195
107 187
12 62
27 157
53 174
159 126
193 199
174 157
167 30
134 7
39 79
101 79
33 129
169 139
124 94
93 147
83 178
156 119
91 52
39 31
80 121
186 73
93 1
108 4
61 177
10 98
45 15
57 28
77 178
100 91
115 86
64 28
148 132
20 105
99 15
76 50
139 79
58 168
45 123
20 197
163 107
98 94
194 101
190 101
134 51
64 60
180 51
137 165
196 68
52 177
94 150
69 19
155 36
188 90
136 171
137 181
53 7
8 143
142 80
193 108
80 74
24 193
156 148
165 132
135 29
3 172
45 14
60 125
68 198
185 98
20 45
181 72
136 125
176 45
85 4
75 140
169 131
78 4
184 41
142 92
13 101
44 109
69 55
156 74
75 30
12 96
96 200
48 33
128 16
39 86
97 88
157 43
73 172
104 25
98 89
189 59
169 5
156 177
37 23
167 127
161 59
191 42
181 187
189 10
144 146
55 170
71 98
92 200
62 57
29 94
4 101
38 90
71 14
87 28
142 4
167 130
107 151
185 43
128 80
175 90
24 100
96 61
101 21
54 95
98 32
196 125
114 125
197 121
149 36
4 177
128 166
29 185
41 172
109 80
58 52
135 165
34 26
12 139
71 111
91 56
62 103
159 30
6 112
20 199
100 181
189 43
64 27
151 84
161 182
30 175
176 71
73 165
68 108
116 129
103 104
17 2
68 175
102 99
198 125
88 72
48 80
69 164
37 166
122 183
37 97
65 168
103 21
139 62
169 132
180 36
114 52
140 80
11 43
54 86
46 74
131 122
177 118
184 197
139 75
112 23
76 33
176 102
144 62
78 90
176 118
